113	-0.106600 0.046400 -0.060400 -0.043192 0.011424 -0.999001 -0.182389 -0.983231 -0.003430 -0.982250 0.182052 0.044548 -0.003035
112	-0.106600 0.046400 -0.060400 -0.182389 -0.983231 -0.003430 0.043192 -0.011424 0.999001 -0.982250 0.182052 0.044548 -0.004724
111	-0.106600 0.046400 -0.060400 -0.043192 0.011424 -0.999001 -0.182389 -0.983231 -0.003430 -0.982250 0.182052 0.044548 1.000000
122	-0.102000 0.063100 -0.025600 -0.010224 0.007743 -0.999913 -0.255077 -0.966909 -0.004888 -0.966850 0.255001 0.011860 -0.003381
123	-0.102000 0.063100 -0.025600 -0.255077 -0.966909 -0.004888 0.010224 -0.007743 0.999913 -0.966850 0.255001 0.011860 -0.006559
121	-0.102000 0.063100 -0.025600 -0.010224 0.007743 -0.999913 -0.255077 -0.966909 -0.004888 -0.966850 0.255001 0.011860 1.000000
132	-0.108500 0.030200 -0.026600 -0.002632 0.002766 -0.999954 -0.082295 -0.996605 -0.002503 -0.996594 0.082287 0.002851 -0.000910
133	-0.108500 0.030200 -0.026600 -0.082295 -0.996605 -0.002503 0.002632 -0.002766 0.999954 -0.996594 0.082287 0.002851 -0.006310
131	-0.108500 0.030200 -0.026600 -0.002632 0.002766 -0.999954 -0.082295 -0.996605 -0.002503 -0.996594 0.082287 0.002851 1.000000
143	-0.109900 0.013100 -0.062700 -0.059434 0.002927 -0.998228 -0.026704 -0.999691 -0.001402 -0.997866 0.026572 0.059490 -0.003285
142	-0.109900 0.013100 -0.062700 -0.026704 -0.999691 -0.001402 0.059434 -0.002927 0.998228 -0.997866 0.026572 0.059490 -0.004777
141	-0.109900 0.013100 -0.062700 -0.059434 0.002927 -0.998228 -0.026704 -0.999691 -0.001402 -0.997866 0.026572 0.059490 1.000000
213	-0.107400 0.032900 0.008000 -0.059342 0.008523 -0.998202 -0.099808 -0.994930 -0.002595 -0.993230 0.099482 0.059892 -0.003366
212	-0.107400 0.032900 0.008000 -0.099808 -0.994930 -0.002595 0.059342 -0.008523 0.998202 -0.993230 0.099482 0.059892 -0.003767
211	-0.107400 0.032900 0.008000 -0.059342 0.008523 -0.998202 -0.099808 -0.994930 -0.002595 -0.993230 0.099482 0.059892 1.000000
222	-0.098900 0.040300 0.041300 -0.338138 0.058981 -0.939307 -0.160635 -0.987005 -0.004136 -0.927287 0.149478 0.343202 -0.005013
223	-0.098900 0.040300 0.041300 -0.160635 -0.987005 -0.004136 0.338138 -0.058981 0.939307 -0.927287 0.149478 0.343202 -0.004530
221	-0.098900 0.040300 0.041300 -0.338138 0.058981 -0.939307 -0.160635 -0.987005 -0.004136 -0.927287 0.149478 0.343202 1.000000
232	-0.101100 0.004400 0.040800 -0.348952 0.008858 -0.937086 0.044088 -0.998693 -0.025851 -0.936097 -0.050341 0.348105 -0.003031
233	-0.101100 0.004400 0.040800 0.044088 -0.998693 -0.025851 0.348952 -0.008858 0.937086 -0.936097 -0.050341 0.348105 -0.004212
231	-0.101100 0.004400 0.040800 -0.348952 0.008858 -0.937086 0.044088 -0.998693 -0.025851 -0.936097 -0.050341 0.348105 1.000000
243	-0.108300 -0.001100 0.007100 -0.071884 -0.010797 -0.997354 0.084394 -0.996437 0.004743 -0.993831 -0.083828 0.072536 -0.004094
242	-0.108300 -0.001100 0.007100 0.084394 -0.996437 0.004743 0.071884 0.010797 0.997354 -0.993831 -0.083828 0.072536 -0.004451
241	-0.108300 -0.001100 0.007100 -0.071884 -0.010797 -0.997354 0.084394 -0.996437 0.004743 -0.993831 -0.083828 0.072536 1.000000
313	-0.086100 0.098800 0.009000 -0.044708 0.123353 -0.991355 -0.480491 -0.872648 -0.086926 -0.875840 0.472459 0.098283 -0.007458
312	-0.086100 0.098800 0.009000 -0.480491 -0.872648 -0.086926 0.044708 -0.123353 0.991355 -0.875840 0.472459 0.098283 -0.005993
311	-0.086100 0.098800 0.009000 -0.044708 0.123353 -0.991355 -0.480491 -0.872648 -0.086926 -0.875840 0.472459 0.098283 1.000000
322	-0.088700 0.075700 0.041200 -0.343042 0.115401 -0.932217 -0.370229 -0.928697 0.021275 -0.863274 0.352424 0.361300 -0.008201
323	-0.088700 0.075700 0.041200 -0.370229 -0.928697 0.021275 0.343042 -0.115401 0.932217 -0.863274 0.352424 0.361300 -0.005576
321	-0.088700 0.075700 0.041200 -0.343042 0.115401 -0.932217 -0.370229 -0.928697 0.021275 -0.863274 0.352424 0.361300 1.000000
333	-0.070200 0.075800 0.070700 -0.590237 0.227030 -0.774647 -0.390472 -0.920245 0.027763 -0.706523 0.318848 0.631776 -0.007501
332	-0.070200 0.075800 0.070700 -0.390472 -0.920245 0.027763 0.590237 -0.227030 0.774647 -0.706523 0.318848 0.631776 -0.005450
331	-0.070200 0.075800 0.070700 -0.590237 0.227030 -0.774647 -0.390472 -0.920245 0.027763 -0.706523 0.318848 0.631776 1.000000
343	-0.100300 0.065900 0.008100 -0.073512 0.027010 -0.996929 -0.286115 -0.958183 -0.004870 -0.955364 0.284876 0.078167 -0.006936
342	-0.100300 0.065900 0.008100 -0.286115 -0.958183 -0.004870 0.073512 -0.027010 0.996929 -0.955364 0.284876 0.078167 -0.005037
341	-0.100300 0.065900 0.008100 -0.073512 0.027010 -0.996929 -0.286115 -0.958183 -0.004870 -0.955364 0.284876 0.078167 1.000000
413	-0.080800 0.041300 0.072000 -0.637854 0.048226 -0.768646 -0.137287 -0.989253 0.051840 -0.757820 0.138579 0.637565 -0.005248
412	-0.080800 0.041300 0.072000 -0.137287 -0.989253 0.051840 0.637854 -0.048226 0.768646 -0.757820 0.138579 0.637565 -0.005216
411	-0.080800 0.041300 0.072000 -0.637854 0.048226 -0.768646 -0.137287 -0.989253 0.051840 -0.757820 0.138579 0.637565 1.000000
422	-0.052600 0.040600 0.095200 -0.876054 -0.019363 -0.481831 -0.055183 -0.988609 0.140028 -0.479051 0.149258 0.864992 0.000420
423	-0.052600 0.040600 0.095200 -0.055183 -0.988609 0.140028 0.876054 0.019363 0.481831 -0.479051 0.149258 0.864992 -0.005200
421	-0.052600 0.040600 0.095200 -0.876054 -0.019363 -0.481831 -0.055183 -0.988609 0.140028 -0.479051 0.149258 0.864992 1.000000
432	-0.053700 0.005900 0.096900 -0.869342 -0.017749 -0.493716 0.027906 -0.999521 -0.013368 -0.493279 -0.025404 0.869489 -0.009516
433	-0.053700 0.005900 0.096900 0.027906 -0.999521 -0.013368 0.869342 0.017749 0.493716 -0.493279 -0.025404 0.869489 -0.003394
431	-0.053700 0.005900 0.096900 -0.869342 -0.017749 -0.493716 0.027906 -0.999521 -0.013368 -0.493279 -0.025404 0.869489 1.000000
443	-0.082900 0.006200 0.072800 -0.640022 0.002663 -0.768352 0.043966 -0.998266 -0.040044 -0.767095 -0.059409 0.638767 -0.007415
442	-0.082900 0.006200 0.072800 0.043966 -0.998266 -0.040044 0.640022 -0.002663 0.768352 -0.767095 -0.059409 0.638767 -0.005729
441	-0.082900 0.006200 0.072800 -0.640022 0.002663 -0.768352 0.043966 -0.998266 -0.040044 -0.767095 -0.059409 0.638767 1.000000
513	-0.063700 0.125400 0.013600 0.009441 0.229339 -0.973301 -0.791270 -0.593298 -0.147494 -0.611297 0.771554 0.175871 -0.010496
512	-0.063700 0.125400 0.013600 -0.791270 -0.593298 -0.147494 -0.009441 -0.229339 0.973301 -0.611297 0.771554 0.175871 -0.003995
511	-0.063700 0.125400 0.013600 0.009441 0.229339 -0.973301 -0.791270 -0.593298 -0.147494 -0.611297 0.771554 0.175871 1.000000
523	-0.033200 0.139700 0.017400 0.005469 0.235242 -0.971921 -0.957358 -0.279658 -0.073060 -0.288970 0.930804 0.223660 -0.012162
522	-0.033200 0.139700 0.017400 -0.957358 -0.279658 -0.073060 -0.005469 -0.235242 0.971921 -0.288970 0.930804 0.223660 -0.006143
521	-0.033200 0.139700 0.017400 0.005469 0.235242 -0.971921 -0.957358 -0.279658 -0.073060 -0.288970 0.930804 0.223660 1.000000
532	-0.033700 0.127400 0.048500 -0.051347 0.467066 -0.882748 -0.963127 -0.256894 -0.079949 -0.264108 0.846037 0.463016 -0.007035
533	-0.033700 0.127400 0.048500 -0.963127 -0.256894 -0.079949 0.051347 -0.467066 0.882748 -0.264108 0.846037 0.463016 -0.009692
531	-0.033700 0.127400 0.048500 -0.051347 0.467066 -0.882748 -0.963127 -0.256894 -0.079949 -0.264108 0.846037 0.463016 1.000000
542	-0.067200 0.108900 0.044300 -0.172166 0.378657 -0.909303 -0.704700 -0.692400 -0.154855 -0.688259 0.614146 0.386060 -0.005844
543	-0.067200 0.108900 0.044300 -0.704700 -0.692400 -0.154855 0.172166 -0.378657 0.909303 -0.688259 0.614146 0.386060 -0.006113
541	-0.067200 0.108900 0.044300 -0.172166 0.378657 -0.909303 -0.704700 -0.692400 -0.154855 -0.688259 0.614146 0.386060 1.000000
613	-0.035800 0.104800 0.075000 -0.008002 0.767704 -0.640754 -0.956770 -0.192120 -0.218276 -0.290663 0.611281 0.736023 -0.005832
612	-0.035800 0.104800 0.075000 -0.956770 -0.192120 -0.218276 0.008002 -0.767704 0.640754 -0.290663 0.611281 0.736023 -0.006918
611	-0.035800 0.104800 0.075000 -0.008002 0.767704 -0.640754 -0.956770 -0.192120 -0.218276 -0.290663 0.611281 0.736023 1.000000
622	0.000100 0.077500 0.096700 0.000200 0.917534 -0.397784 -1.000000 0.000400 0.000200 0.000336 0.397841 0.917441 -0.006407
623	0.000100 0.077500 0.096700 -1.000000 0.000400 0.000200 -0.000200 -0.917534 0.397784 0.000336 0.397841 0.917441 -0.005496
621	0.000100 0.077500 0.096700 0.000200 0.917534 -0.397784 -1.000000 0.000400 0.000200 0.000336 0.397841 0.917441 1.000000
633	-0.018400 0.044000 0.106300 0.006547 0.983861 -0.178812 -0.990825 -0.017609 -0.133695 -0.134684 0.178049 0.974735 -0.005046
632	-0.018400 0.044000 0.106300 -0.990825 -0.017609 -0.133695 -0.006547 -0.983861 0.178812 -0.134684 0.178049 0.974735 -0.016800
631	-0.018400 0.044000 0.106300 0.006547 0.983861 -0.178812 -0.990825 -0.017609 -0.133695 -0.134684 0.178049 0.974735 1.000000
642	-0.036800 0.075300 0.092200 -0.027847 0.900137 -0.434680 -0.952124 -0.156298 -0.262738 -0.304433 0.406544 0.861371 -0.005873
643	-0.036800 0.075300 0.092200 -0.952124 -0.156298 -0.262738 0.027847 -0.900137 0.434680 -0.304433 0.406544 0.861371 -0.013386
641	-0.036800 0.075300 0.092200 -0.027847 0.900137 -0.434680 -0.952124 -0.156298 -0.262738 -0.304433 0.406544 0.861371 1.000000
713	-0.018500 0.010500 0.109600 -0.987584 -0.011802 -0.156649 0.013343 -0.999837 -0.009023 -0.156521 -0.011001 0.987599 -0.015467
712	-0.018500 0.010500 0.109600 0.013343 -0.999837 -0.009023 0.987584 0.011802 0.156649 -0.156521 -0.011001 0.987599 -0.003688
711	-0.018500 0.010500 0.109600 -0.987584 -0.011802 -0.156649 0.013343 -0.999837 -0.009023 -0.156521 -0.011001 0.987599 1.000000
723	0.018600 0.010500 0.109600 0.989767 -0.006946 -0.142523 0.002162 0.999417 -0.033611 0.142674 0.032958 0.989215 0.000165
722	0.018600 0.010500 0.109600 0.002162 0.999417 -0.033611 -0.989767 0.006946 0.142523 0.142674 0.032958 0.989215 -0.005754
721	0.018600 0.010500 0.109600 0.989767 -0.006946 -0.142523 0.002162 0.999417 -0.033611 0.142674 0.032958 0.989215 1.000000
733	0.018600 -0.023300 0.105900 -0.036483 -0.970494 -0.238351 0.988962 -0.000736 -0.148444 0.143878 -0.241116 0.959725 -0.004811
732	0.018600 -0.023300 0.105900 0.988962 -0.000736 -0.148444 0.036483 0.970494 0.238351 0.143878 -0.241116 0.959725 -0.002304
731	0.018600 -0.023300 0.105900 -0.036483 -0.970494 -0.238351 0.988962 -0.000736 -0.148444 0.143878 -0.241116 0.959725 1.000000
743	-0.018500 -0.023700 0.105800 0.038615 -0.971322 -0.234611 0.991000 0.007088 0.133437 -0.127946 -0.237650 0.962841 -0.004811
742	-0.018500 -0.023700 0.105800 0.991000 0.007088 0.133437 -0.038615 0.971322 0.234611 -0.127946 -0.237650 0.962841 -0.002258
741	-0.018500 -0.023700 0.105800 0.038615 -0.971322 -0.234611 0.991000 0.007088 0.133437 -0.127946 -0.237650 0.962841 1.000000
813	0.000100 0.144500 0.018700 -0.000514 0.268159 -0.963375 -0.999902 -0.012343 -0.002865 -0.012659 0.963263 0.268133 -0.007698
812	0.000100 0.144500 0.018700 -0.999902 -0.012343 -0.002865 0.000514 -0.268159 0.963375 -0.012659 0.963263 0.268133 -0.001145
811	0.000100 0.144500 0.018700 -0.000514 0.268159 -0.963375 -0.999902 -0.012343 -0.002865 -0.012659 0.963263 0.268133 1.000000
822	0.000100 0.131600 0.050000 0.000696 0.492805 -0.870153 -1.000000 0.000702 -0.000313 0.000457 0.870113 0.492788 -0.005336
823	0.000100 0.131600 0.050000 -1.000000 0.000702 -0.000313 -0.000696 -0.492805 0.870153 0.000457 0.870113 0.492788 0.019980
821	0.000100 0.131600 0.050000 0.000696 0.492805 -0.870153 -1.000000 0.000702 -0.000313 0.000457 0.870113 0.492788 1.000000
913	0.033100 0.139700 0.017300 -0.005300 0.236504 -0.971616 -0.964716 0.254804 0.067301 0.263489 0.937690 0.226809 -0.034922
912	0.033100 0.139700 0.017300 -0.964716 0.254804 0.067301 0.005300 -0.236504 0.971616 0.263489 0.937690 0.226809 -0.006832
911	0.033100 0.139700 0.017300 -0.005300 0.236504 -0.971616 -0.964716 0.254804 0.067301 0.263489 0.937690 0.226809 1.000000
923	0.063800 0.125300 0.013500 -0.015506 0.226042 -0.973994 -0.783202 0.602861 0.152445 0.621599 0.765148 0.167677 -0.008858
922	0.063800 0.125300 0.013500 -0.783202 0.602861 0.152445 0.015506 -0.226042 0.973994 0.621599 0.765148 0.167677 -0.004553
921	0.063800 0.125300 0.013500 -0.015506 0.226042 -0.973994 -0.783202 0.602861 0.152445 0.621599 0.765148 0.167677 1.000000
932	0.067100 0.108800 0.044400 0.174702 0.376780 -0.909736 -0.712556 0.685990 0.147252 0.679504 0.622468 0.388293 -0.000742
933	0.067100 0.108800 0.044400 -0.712556 0.685990 0.147252 -0.174702 -0.376780 0.909736 0.679504 0.622468 0.388293 -0.003604
931	0.067100 0.108800 0.044400 0.174702 0.376780 -0.909736 -0.712556 0.685990 0.147252 0.679504 0.622468 0.388293 1.000000
942	0.033800 0.127300 0.048600 0.053282 0.461608 -0.885517 -0.961993 0.261547 0.078504 0.267815 0.847581 0.457955 -0.006304
943	0.033800 0.127300 0.048600 -0.961993 0.261547 0.078504 -0.053282 -0.461608 0.885517 0.267815 0.847581 0.457955 -0.000510
941	0.033800 0.127300 0.048600 0.053282 0.461608 -0.885517 -0.961993 0.261547 0.078504 0.267815 0.847581 0.457955 1.000000
1013	0.000100 0.109300 0.077100 0.001075 0.754035 -0.656833 -0.999848 -0.013121 -0.016614 -0.021144 0.656677 0.753819 -0.002757
1012	0.000100 0.109300 0.077100 -0.999848 -0.013121 -0.016614 -0.001075 -0.754035 0.656833 -0.021144 0.656677 0.753819 -0.003044
1011	0.000100 0.109300 0.077100 0.001075 0.754035 -0.656833 -0.999848 -0.013121 -0.016614 -0.021144 0.656677 0.753819 1.000000
1023	0.035800 0.104800 0.075000 0.004652 0.763323 -0.646000 -0.961694 0.180690 0.206538 0.274348 0.620224 0.734845 -0.006780
1022	0.035800 0.104800 0.075000 -0.961694 0.180690 0.206538 -0.004652 -0.763323 0.646000 0.274348 0.620224 0.734845 -0.002706
1021	0.035800 0.104800 0.075000 0.004652 0.763323 -0.646000 -0.961694 0.180690 0.206538 0.274348 0.620224 0.734845 1.000000
1032	0.036800 0.075200 0.092300 0.030759 0.898064 -0.438648 -0.950756 0.161696 0.264419 0.308402 0.408922 0.858843 -0.003395
1033	0.036800 0.075200 0.092300 -0.950756 0.161696 0.264419 -0.030759 -0.898064 0.438648 0.308402 0.408922 0.858843 0.004069
1031	0.036800 0.075200 0.092300 0.030759 0.898064 -0.438648 -0.950756 0.161696 0.264419 0.308402 0.408922 0.858843 1.000000
1043	0.018400 0.044200 0.106200 -0.013699 0.979661 -0.200192 -0.992699 0.010683 0.120194 0.119896 0.200375 0.972306 -0.005361
1042	0.018400 0.044200 0.106200 -0.992699 0.010683 0.120194 0.013700 -0.979659 0.200201 0.119896 0.200375 0.972306 0.006619
1041	0.018400 0.044200 0.106200 -0.013699 0.979661 -0.200192 -0.992699 0.010683 0.120194 0.119896 0.200375 0.972306 1.000000
1112	0.052500 0.040600 0.095300 0.875977 -0.017532 -0.481988 -0.056990 0.988572 -0.139562 0.478936 0.149708 0.864975 0.003869
1113	0.052500 0.040600 0.095300 -0.056990 0.988572 -0.139562 -0.875977 0.017532 0.481988 0.478936 0.149708 0.864975 -0.005027
1111	0.052500 0.040600 0.095300 0.875977 -0.017532 -0.481988 -0.056990 0.988572 -0.139562 0.478936 0.149708 0.864975 1.000000
1123	0.080900 0.041300 0.072100 0.635151 0.049981 -0.770768 -0.172205 0.981850 -0.078248 0.752940 0.182447 0.632289 -0.005288
1122	0.080900 0.041300 0.072100 -0.172205 0.981850 -0.078248 -0.635151 -0.049981 0.770768 0.752940 0.182447 0.632289 -0.002202
1121	0.080900 0.041300 0.072100 0.635151 0.049981 -0.770768 -0.172205 0.981850 -0.078248 0.752940 0.182447 0.632289 1.000000
1133	0.082800 0.006100 0.072800 0.637346 0.000754 -0.770577 0.010678 0.999930 0.009847 0.770498 -0.014504 0.637268 -0.011598
1132	0.082800 0.006100 0.072800 0.010678 0.999930 0.009847 -0.637346 -0.000754 0.770577 0.770498 -0.014504 0.637268 -0.006099
1131	0.082800 0.006100 0.072800 0.637346 0.000754 -0.770577 0.010678 0.999930 0.009847 0.770498 -0.014504 0.637268 1.000000
1142	0.053500 0.006200 0.097000 0.868516 -0.018145 -0.495307 0.029998 0.999422 0.015994 0.494728 -0.028747 0.868562 0.004993
1143	0.053500 0.006200 0.097000 0.029998 0.999422 0.015994 -0.868516 0.018145 0.495307 0.494728 -0.028747 0.868562 -0.004604
1141	0.053500 0.006200 0.097000 0.868516 -0.018145 -0.495307 0.029998 0.999422 0.015994 0.494728 -0.028747 0.868562 1.000000
1213	0.086200 0.098600 0.008900 0.057403 0.126430 -0.990314 -0.505380 0.859180 0.080383 0.860988 0.495853 0.113211 -0.014703
1212	0.086200 0.098600 0.008900 -0.505380 0.859180 0.080383 -0.057403 -0.126430 0.990314 0.860988 0.495853 0.113211 -0.003955
1211	0.086200 0.098600 0.008900 0.057403 0.126430 -0.990314 -0.505380 0.859180 0.080383 0.860988 0.495853 0.113211 1.000000
1223	0.100300 0.066000 0.008200 0.081917 0.032425 -0.996112 -0.316114 0.948743 0.004949 0.945177 0.314467 0.087966 -0.008811
1222	0.100300 0.066000 0.008200 -0.316114 0.948743 0.004949 -0.081917 -0.032425 0.996112 0.945177 0.314467 0.087966 -0.004130
1221	0.100300 0.066000 0.008200 0.081917 0.032425 -0.996112 -0.316114 0.948743 0.004949 0.945177 0.314467 0.087966 1.000000
1232	0.088700 0.075700 0.041200 0.344624 0.116049 -0.931559 -0.373112 0.927513 -0.022515 0.861396 0.355325 0.362930 -0.003032
1233	0.088700 0.075700 0.041200 -0.373112 0.927513 -0.022515 -0.344624 -0.116049 0.931559 0.861396 0.355325 0.362930 -0.004137
1231	0.088700 0.075700 0.041200 0.344624 0.116049 -0.931559 -0.373112 0.927513 -0.022515 0.861396 0.355325 0.362930 1.000000
1243	0.069900 0.075800 0.070900 0.607466 0.235431 -0.758655 -0.427006 0.902190 -0.061864 0.669844 0.361507 0.648540 -0.007725
1242	0.069900 0.075800 0.070900 -0.427006 0.902190 -0.061864 -0.607466 -0.235431 0.758655 0.669844 0.361507 0.648540 -0.003102
1241	0.069900 0.075800 0.070900 0.607466 0.235431 -0.758655 -0.427006 0.902190 -0.061864 0.669844 0.361507 0.648540 1.000000
1312	0.098900 0.040400 0.041300 0.340624 0.060207 -0.938307 -0.166634 0.986015 0.002713 0.925310 0.155427 0.345876 -0.013210
1313	0.098900 0.040400 0.041300 -0.166634 0.986015 0.002713 -0.340624 -0.060207 0.938307 0.925310 0.155427 0.345876 -0.005866
1311	0.098900 0.040400 0.041300 0.340624 0.060207 -0.938307 -0.166634 0.986015 0.002713 0.925310 0.155427 0.345876 1.000000
1323	0.107400 0.032900 0.008100 0.074320 0.012956 -0.997151 -0.133975 0.990993 0.002892 0.988189 0.133377 0.075389 -0.011290
1322	0.107400 0.032900 0.008100 -0.133975 0.990993 0.002892 -0.074320 -0.012956 0.997151 0.988189 0.133377 0.075389 -0.006241
1321	0.107400 0.032900 0.008100 0.074320 0.012956 -0.997151 -0.133975 0.990993 0.002892 0.988189 0.133377 0.075389 1.000000
1333	0.108300 -0.001100 0.006800 0.059512 -0.002804 -0.998224 0.056714 0.998399 0.000612 0.996612 -0.056648 0.059578 -0.007941
1332	0.108300 -0.001100 0.006800 0.056714 0.998399 0.000612 -0.059512 0.002804 0.998224 0.996612 -0.056648 0.059578 -0.006802
1331	0.108300 -0.001100 0.006800 0.059512 -0.002804 -0.998224 0.056714 0.998399 0.000612 0.996612 -0.056648 0.059578 1.000000
1342	0.101000 0.004400 0.041000 0.347534 0.008052 -0.937655 0.037062 0.999065 0.022275 0.936931 -0.042492 0.346903 -0.009186
1343	0.101000 0.004400 0.041000 0.037062 0.999065 0.022275 -0.347534 -0.008052 0.937655 0.936931 -0.042492 0.346903 -0.003506
1341	0.101000 0.004400 0.041000 0.347534 0.008052 -0.937655 0.037062 0.999065 0.022275 0.936931 -0.042492 0.346903 1.000000
1412	0.102000 0.063000 -0.026000 0.015238 0.012156 -0.999866 -0.281326 0.959584 0.007399 0.959481 0.281157 0.018041 -0.013317
1413	0.102000 0.063000 -0.026000 -0.281326 0.959584 0.007399 -0.015238 -0.012156 0.999866 0.959481 0.281157 0.018041 -0.004833
1411	0.102000 0.063000 -0.026000 0.015238 0.012156 -0.999866 -0.281326 0.959584 0.007399 0.959481 0.281157 0.018041 1.000000
1423	0.106500 0.046900 -0.060000 0.054170 0.015845 -0.998406 -0.172942 0.984903 0.006238 0.983434 0.172329 0.056093 -0.006068
1422	0.106500 0.046900 -0.060000 -0.172942 0.984903 0.006238 -0.054170 -0.015845 0.998406 0.983434 0.172329 0.056093 -0.002202
1421	0.106500 0.046900 -0.060000 0.054170 0.015845 -0.998406 -0.172942 0.984903 0.006238 0.983434 0.172329 0.056093 1.000000
1433	0.109800 0.013100 -0.062200 0.046916 0.004743 -0.998887 -0.007341 0.999967 0.004362 0.998866 0.007128 0.046950 -0.005503
1432	0.109800 0.013100 -0.062200 -0.007341 0.999967 0.004362 -0.046916 -0.004743 0.998887 0.998866 0.007128 0.046950 -0.004044
1431	0.109800 0.013100 -0.062200 0.046916 0.004743 -0.998887 -0.007341 0.999967 0.004362 0.998866 0.007128 0.046950 1.000000
1442	0.108300 0.030100 -0.026200 0.008620 0.005949 -0.999891 -0.102930 0.994676 0.005101 0.994644 0.102879 0.009186 -0.014536
1443	0.108300 0.030100 -0.026200 -0.102930 0.994676 0.005101 -0.008620 -0.005949 0.999891 0.994644 0.102879 0.009186 -0.004709
1441	0.108300 0.030100 -0.026200 0.008620 0.005949 -0.999891 -0.102930 0.994676 0.005101 0.994644 0.102879 0.009186 1.000000
1512	-0.108800 -0.003200 -0.028400 0.012979 0.000157 -0.999899 0.087962 -0.996124 0.000929 -0.996033 -0.087961 -0.012948 -0.002729
1513	-0.108800 -0.003200 -0.028400 0.087962 -0.996124 0.000929 -0.012979 -0.000157 0.999899 -0.996033 -0.087961 -0.012948 -0.005778
1511	-0.108800 -0.003200 -0.028400 0.012979 0.000157 -0.999899 0.087962 -0.996124 0.000929 -0.996033 -0.087961 -0.012948 1.000000
1522	-0.101700 -0.036000 -0.028100 0.026860 0.002336 -0.999619 0.346837 -0.937899 0.007170 -0.937533 -0.346899 -0.026003 -0.002832
1523	-0.101700 -0.036000 -0.028100 0.346837 -0.937899 0.007170 -0.026860 -0.002336 0.999619 -0.937533 -0.346899 -0.026003 -0.005214
1521	-0.101700 -0.036000 -0.028100 0.026860 0.002336 -0.999619 0.346837 -0.937899 0.007170 -0.937533 -0.346899 -0.026003 1.000000
1533	-0.095100 -0.052400 -0.062300 -0.024416 -0.004442 -0.999692 0.447941 -0.894011 -0.006940 -0.893708 -0.447974 0.023819 -0.011228
1532	-0.095100 -0.052400 -0.062300 0.447941 -0.894011 -0.006940 0.024416 0.004442 0.999692 -0.893708 -0.447974 0.023819 -0.005142
1531	-0.095100 -0.052400 -0.062300 -0.024416 -0.004442 -0.999692 0.447941 -0.894011 -0.006940 -0.893708 -0.447974 0.023819 1.000000
1543	-0.106800 -0.020500 -0.062500 -0.037620 -0.003023 -0.999287 0.190091 -0.981748 -0.004199 -0.981040 -0.190115 0.037509 -0.009865
1542	-0.106800 -0.020500 -0.062500 0.190091 -0.981748 -0.004199 0.037620 0.003023 0.999287 -0.981040 -0.190115 0.037509 -0.003738
1541	-0.106800 -0.020500 -0.062500 -0.037620 -0.003023 -0.999287 0.190091 -0.981748 -0.004199 -0.981040 -0.190115 0.037509 1.000000
1613	-0.101700 -0.033900 0.005600 -0.067076 -0.031126 -0.997263 0.334370 -0.942413 0.006976 -0.940045 -0.332992 0.073623 -0.001478
1612	-0.101700 -0.033900 0.005600 0.334370 -0.942413 0.006976 0.067076 0.031126 0.997263 -0.940045 -0.332992 0.073623 -0.001832
1611	-0.101700 -0.033900 0.005600 -0.067076 -0.031126 -0.997263 0.334370 -0.942413 0.006976 -0.940045 -0.332992 0.073623 1.000000
1622	-0.095200 -0.030800 0.039100 -0.317164 -0.055600 -0.946726 0.310836 -0.949235 -0.048297 -0.895988 -0.309597 0.318349 -0.005444
1623	-0.095200 -0.030800 0.039100 0.310836 -0.949235 -0.048297 0.317164 0.055600 0.946726 -0.895988 -0.309597 0.318349 -0.005119
1621	-0.095200 -0.030800 0.039100 -0.317164 -0.055600 -0.946726 0.310836 -0.949235 -0.048297 -0.895988 -0.309597 0.318349 1.000000
1632	-0.078100 -0.062800 0.039400 -0.255477 -0.196697 -0.946617 0.599493 -0.800367 0.004483 -0.758503 -0.566330 0.322386 -0.004598
1633	-0.078100 -0.062800 0.039400 0.599493 -0.800367 0.004483 0.255477 0.196697 0.946617 -0.758503 -0.566330 0.322386 -0.007235
1631	-0.078100 -0.062800 0.039400 -0.255477 -0.196697 -0.946617 0.599493 -0.800367 0.004483 -0.758503 -0.566330 0.322386 1.000000
1643	-0.086600 -0.064000 0.005500 -0.057827 -0.046407 -0.997247 0.569954 -0.821618 0.005131 -0.819617 -0.568104 0.073968 -0.009161
1642	-0.086600 -0.064000 0.005500 0.569954 -0.821618 0.005131 0.057827 0.046407 0.997247 -0.819617 -0.568104 0.073968 -0.004700
1641	-0.086600 -0.064000 0.005500 -0.057827 -0.046407 -0.997247 0.569954 -0.821618 0.005131 -0.819617 -0.568104 0.073968 1.000000
1713	-0.075800 -0.079700 -0.062100 -0.001261 -0.016444 -0.999864 0.666135 -0.745729 0.011381 -0.745801 -0.666013 0.011894 -0.004445
1712	-0.075800 -0.079700 -0.062100 0.666135 -0.745729 0.011381 0.001261 0.016444 0.999864 -0.745801 -0.666013 0.011894 -0.007666
1711	-0.075800 -0.079700 -0.062100 -0.001261 -0.016444 -0.999864 0.666135 -0.745729 0.011381 -0.745801 -0.666013 0.011894 1.000000
1722	-0.086100 -0.066000 -0.028200 0.025197 0.011077 -0.999652 0.575438 -0.817827 0.005438 -0.817441 -0.575352 -0.026982 -0.002942
1723	-0.086100 -0.066000 -0.028200 0.575438 -0.817827 0.005438 -0.025197 -0.011077 0.999652 -0.817441 -0.575352 -0.026982 -0.005092
1721	-0.086100 -0.066000 -0.028200 0.025197 0.011077 -0.999652 0.575438 -0.817827 0.005438 -0.817441 -0.575352 -0.026982 1.000000
1732	-0.063200 -0.090500 -0.027800 0.025416 0.036492 -0.999039 0.812071 -0.583557 -0.000605 -0.582981 -0.811222 -0.044461 -0.002226
1733	-0.063200 -0.090500 -0.027800 0.812071 -0.583557 -0.000605 -0.025416 -0.036492 0.999039 -0.582981 -0.811222 -0.044461 0.001214
1731	-0.063200 -0.090500 -0.027800 0.025416 0.036492 -0.999039 0.812071 -0.583557 -0.000605 -0.582981 -0.811222 -0.044461 1.000000
1743	-0.048900 -0.099400 -0.062100 -0.014610 -0.020786 -0.999677 0.885419 -0.464875 -0.003267 -0.464617 -0.885105 0.025195 -0.010192
1742	-0.048900 -0.099400 -0.062100 0.885419 -0.464875 -0.003267 0.014610 0.020786 0.999677 -0.464617 -0.885105 0.025195 -0.002507
1741	-0.048900 -0.099400 -0.062100 -0.014610 -0.020786 -0.999677 0.885419 -0.464875 -0.003267 -0.464617 -0.885105 0.025195 1.000000
1813	-0.078600 -0.028700 0.069600 -0.613531 -0.039374 -0.788688 0.251025 -0.956727 -0.147524 -0.748704 -0.288470 0.596841 -0.007264
1812	-0.078600 -0.028700 0.069600 0.251025 -0.956727 -0.147524 0.613531 0.039374 0.788688 -0.748704 -0.288470 0.596841 -0.004884
1811	-0.078600 -0.028700 0.069600 -0.613531 -0.039374 -0.788688 0.251025 -0.956727 -0.147524 -0.748704 -0.288470 0.596841 1.000000
1822	-0.051800 -0.027700 0.092700 -0.857883 0.025929 -0.513244 0.109439 -0.966554 -0.231940 -0.502081 -0.255131 0.826311 -0.007331
1823	-0.051800 -0.027700 0.092700 0.109439 -0.966554 -0.231940 0.857883 -0.025929 0.513244 -0.502081 -0.255131 0.826311 -0.004340
1821	-0.051800 -0.027700 0.092700 -0.857883 0.025929 -0.513244 0.109439 -0.966554 -0.231940 -0.502081 -0.255131 0.826311 1.000000
1832	-0.018100 -0.054200 0.092300 0.070631 -0.841305 -0.536010 0.987668 -0.016260 0.155720 -0.139706 -0.540344 0.829699 -0.003914
1833	-0.018100 -0.054200 0.092300 0.987668 -0.016260 0.155720 -0.070631 0.841305 0.536010 -0.139706 -0.540344 0.829699 -0.000472
1831	-0.018100 -0.054200 0.092300 0.070631 -0.841305 -0.536010 0.987668 -0.016260 0.155720 -0.139706 -0.540344 0.829699 1.000000
1843	-0.055200 -0.062700 0.070700 -0.383905 -0.499806 -0.776409 0.776395 -0.629840 0.021567 -0.499802 -0.594531 0.629839 -0.002561
1842	-0.055200 -0.062700 0.070700 0.776395 -0.629840 0.021567 0.383898 0.499798 0.776417 -0.499802 -0.594531 0.629839 -0.002521
1841	-0.055200 -0.062700 0.070700 -0.383905 -0.499806 -0.776409 0.776395 -0.629840 0.021567 -0.499802 -0.594531 0.629839 1.000000
1912	-0.051300 -0.086100 0.039700 -0.152976 -0.298373 -0.942071 0.882507 -0.470265 0.005675 -0.444723 -0.830525 0.335261 -0.005051
1913	-0.051300 -0.086100 0.039700 0.882507 -0.470265 0.005675 0.152976 0.298373 0.942071 -0.444723 -0.830525 0.335261 -0.002343
1911	-0.051300 -0.086100 0.039700 -0.152976 -0.298373 -0.942071 0.882507 -0.470265 0.005675 -0.444723 -0.830525 0.335261 1.000000
1923	-0.033500 -0.103300 0.006200 -0.045013 -0.143477 -0.988629 0.961059 -0.276340 -0.003656 -0.272660 -0.950268 0.150324 -0.006618
1922	-0.033500 -0.103300 0.006200 0.961059 -0.276340 -0.003656 0.045013 0.143477 0.988629 -0.272660 -0.950268 0.150324 -0.001014
1921	-0.033500 -0.103300 0.006200 -0.045013 -0.143477 -0.988629 0.961059 -0.276340 -0.003656 -0.272660 -0.950268 0.150324 1.000000
1932	-0.033100 -0.105100 -0.027800 0.007009 0.019591 -0.999789 0.955118 -0.296224 0.000887 -0.296133 -0.954898 -0.020786 -0.004229
1933	-0.033100 -0.105100 -0.027800 0.955118 -0.296224 0.000887 -0.007009 -0.019591 0.999789 -0.296133 -0.954898 -0.020786 0.001531
1931	-0.033100 -0.105100 -0.027800 0.007009 0.019591 -0.999789 0.955118 -0.296224 0.000887 -0.296133 -0.954898 -0.020786 1.000000
1943	-0.063600 -0.088400 0.006000 -0.064615 -0.086704 -0.994137 0.803886 -0.594793 -0.000329 -0.591257 -0.799162 0.108129 -0.005456
1942	-0.063600 -0.088400 0.006000 0.803886 -0.594793 -0.000329 0.064615 0.086704 0.994137 -0.591257 -0.799162 0.108129 -0.001732
1941	-0.063600 -0.088400 0.006000 -0.064615 -0.086704 -0.994137 0.803886 -0.594793 -0.000329 -0.591257 -0.799162 0.108129 1.000000
2013	-0.018600 -0.080100 0.069000 -0.000866 -0.619496 -0.784999 0.992571 -0.096164 0.074781 -0.121814 -0.779070 0.614938 -0.005974
2012	-0.018600 -0.080100 0.069000 0.992571 -0.096164 0.074781 0.000866 0.619496 0.784999 -0.121814 -0.779070 0.614938 0.002827
2011	-0.018600 -0.080100 0.069000 -0.000866 -0.619496 -0.784999 0.992571 -0.096164 0.074781 -0.121814 -0.779070 0.614938 1.000000
2023	0.018600 -0.080200 0.068900 0.000046 -0.619269 -0.785179 0.986907 0.126839 -0.099947 0.161496 -0.774774 0.611092 -0.003851
2022	0.018600 -0.080200 0.068900 0.986907 0.126839 -0.099947 -0.000046 0.619269 0.785179 0.161496 -0.774774 0.611092 -0.006051
2021	0.018600 -0.080200 0.068900 0.000046 -0.619269 -0.785179 0.986907 0.126839 -0.099947 0.161496 -0.774774 0.611092 1.000000
2032	0.016900 -0.097200 0.039700 0.000140 -0.375706 -0.926798 0.989002 0.137124 -0.055433 0.147897 -0.916540 0.371567 -0.004866
2033	0.016900 -0.097200 0.039700 0.989002 0.137124 -0.055433 -0.000140 0.375706 0.926798 0.147897 -0.916540 0.371567 -0.020328
2031	0.016900 -0.097200 0.039700 0.000140 -0.375706 -0.926798 0.989002 0.137124 -0.055433 0.147897 -0.916540 0.371567 1.000000
2042	-0.017000 -0.097200 0.039700 -0.000680 -0.374971 -0.926996 0.990466 -0.127938 0.051082 -0.137747 -0.918146 0.371496 -0.006418
2043	-0.017000 -0.097200 0.039700 0.990466 -0.127938 0.051082 0.000680 0.374971 0.926996 -0.137747 -0.918146 0.371496 0.011770
2041	-0.017000 -0.097200 0.039700 -0.000680 -0.374971 -0.926996 0.990466 -0.127938 0.051082 -0.137747 -0.918146 0.371496 1.000000
2113	0.000000 -0.108600 0.007000 -0.000021 -0.172166 -0.985068 0.999821 0.020321 -0.003586 0.020634 -0.984813 0.172120 -0.007375
2112	0.000000 -0.108600 0.007000 0.999821 0.020321 -0.003586 0.000021 0.172166 0.985068 0.020634 -0.984813 0.172120 0.001283
2111	0.000000 -0.108600 0.007000 -0.000021 -0.172166 -0.985068 0.999821 0.020321 -0.003586 0.020634 -0.984813 0.172120 1.000000
2122	0.000000 -0.110600 -0.027500 0.000000 0.041531 -0.999166 1.000000 0.000263 0.000027 0.000279 -0.999130 -0.041549 -0.002884
2123	0.000000 -0.110600 -0.027500 1.000000 0.000263 0.000027 -0.000000 -0.041531 0.999166 0.000279 -0.999130 -0.041549 0.008090
2121	0.000000 -0.110600 -0.027500 0.000000 0.041531 -0.999166 1.000000 0.000263 0.000027 0.000279 -0.999130 -0.041549 1.000000
2133	0.017000 -0.109800 -0.061800 0.010273 -0.017438 -0.999795 0.988682 0.149808 0.007609 0.149634 -0.988502 0.018779 -0.009154
2132	0.017000 -0.109800 -0.061800 0.988682 0.149808 0.007609 -0.010273 0.017438 0.999795 0.149634 -0.988502 0.018779 -0.005773
2131	0.017000 -0.109800 -0.061800 0.010273 -0.017438 -0.999795 0.988682 0.149808 0.007609 0.149634 -0.988502 0.018779 1.000000
2143	-0.017100 -0.109800 -0.061900 -0.008290 -0.022928 -0.999702 0.980269 -0.197513 -0.003563 -0.197368 -0.979991 0.024112 -0.010319
2142	-0.017100 -0.109800 -0.061900 0.980269 -0.197513 -0.003563 0.008290 0.022928 0.999702 -0.197368 -0.979991 0.024112 -0.000847
2141	-0.017100 -0.109800 -0.061900 -0.008290 -0.022928 -0.999702 0.980269 -0.197513 -0.003563 -0.197368 -0.979991 0.024112 1.000000
2212	0.051700 -0.027600 0.092800 0.860320 0.026815 -0.508981 0.108963 0.965854 0.235063 0.497913 -0.257684 0.828032 -0.003623
2213	0.051700 -0.027600 0.092800 0.108963 0.965854 0.235063 -0.860320 -0.026815 0.508981 0.497913 -0.257684 0.828032 -0.005721
2211	0.051700 -0.027600 0.092800 0.860320 0.026815 -0.508981 0.108963 0.965854 0.235063 0.497913 -0.257684 0.828032 1.000000
2223	0.078600 -0.028400 0.069800 0.627473 -0.042698 -0.777467 0.223290 0.966359 0.127195 0.745881 -0.253412 0.615898 -0.003188
2222	0.078600 -0.028400 0.069800 0.223290 0.966359 0.127195 -0.627473 0.042698 0.777467 0.745881 -0.253412 0.615898 -0.003771
2221	0.078600 -0.028400 0.069800 0.627473 -0.042698 -0.777467 0.223290 0.966359 0.127195 0.745881 -0.253412 0.615898 1.000000
2233	0.055300 -0.062800 0.070600 0.381220 -0.497218 -0.779388 0.767177 0.640518 -0.033421 0.515836 -0.585199 0.625645 -0.004811
2232	0.055300 -0.062800 0.070600 0.767177 0.640518 -0.033421 -0.381220 0.497218 0.779388 0.515836 -0.585199 0.625645 -0.007511
2231	0.055300 -0.062800 0.070600 0.381220 -0.497218 -0.779388 0.767177 0.640518 -0.033421 0.515836 -0.585199 0.625645 1.000000
2242	0.018200 -0.054200 0.092200 -0.069642 -0.842337 -0.534391 0.988938 0.012013 -0.147844 0.130943 -0.538762 0.832147 -0.003666
2243	0.018200 -0.054200 0.092200 0.988938 0.012013 -0.147844 0.069642 0.842337 0.534391 0.130943 -0.538762 0.832147 -0.005011
2241	0.018200 -0.054200 0.092200 -0.069642 -0.842337 -0.534391 0.988938 0.012013 -0.147844 0.130943 -0.538762 0.832147 1.000000
2312	0.051300 -0.086100 0.039700 0.150166 -0.297000 -0.943055 0.878600 0.477444 -0.010492 0.453344 -0.826937 0.332615 -0.005737
2313	0.051300 -0.086100 0.039700 0.878600 0.477444 -0.010492 -0.150166 0.297000 0.943055 0.453344 -0.826937 0.332615 -0.009191
2311	0.051300 -0.086100 0.039700 0.150166 -0.297000 -0.943055 0.878600 0.477444 -0.010492 0.453344 -0.826937 0.332615 1.000000
2323	0.063700 -0.088400 0.006200 0.058925 -0.074695 -0.995464 0.805967 0.591957 0.003343 0.589012 -0.802493 0.095080 -0.006000
2322	0.063700 -0.088400 0.006200 0.805967 0.591957 0.003343 -0.058925 0.074695 0.995464 0.589012 -0.802493 0.095080 -0.006211
2321	0.063700 -0.088400 0.006200 0.058925 -0.074695 -0.995464 0.805967 0.591957 0.003343 0.589012 -0.802493 0.095080 1.000000
2332	0.033000 -0.105100 -0.027700 -0.003494 0.019000 -0.999812 0.949532 0.313660 0.002630 0.313653 -0.949342 -0.019135 -0.008814
2333	0.033000 -0.105100 -0.027700 0.949532 0.313660 0.002630 0.003494 -0.019000 0.999812 0.313653 -0.949342 -0.019135 -0.014479
2331	0.033000 -0.105100 -0.027700 -0.003494 0.019000 -0.999812 0.949532 0.313660 0.002630 0.313653 -0.949342 -0.019135 1.000000
2343	0.033300 -0.103400 0.006300 0.042225 -0.125449 -0.991201 0.947098 0.320976 -0.000274 0.318169 -0.938718 0.132357 -0.007178
2342	0.033300 -0.103400 0.006300 0.947098 0.320976 -0.000274 -0.042225 0.125449 0.991201 0.318169 -0.938718 0.132357 -0.005515
2341	0.033300 -0.103400 0.006300 0.042225 -0.125449 -0.991201 0.947098 0.320976 -0.000274 0.318169 -0.938718 0.132357 1.000000
2412	0.095200 -0.030600 0.039200 0.315076 -0.060568 -0.947112 0.306728 0.950904 0.041246 0.898123 -0.303504 0.318187 -0.009245
2413	0.095200 -0.030600 0.039200 0.306728 0.950904 0.041246 -0.315076 0.060568 0.947112 0.898123 -0.303504 0.318187 -0.006373
2411	0.095200 -0.030600 0.039200 0.315076 -0.060568 -0.947112 0.306728 0.950904 0.041246 0.898123 -0.303504 0.318187 1.000000
2423	0.101700 -0.033800 0.005800 0.067264 -0.028685 -0.997323 0.315906 0.948781 -0.005955 0.946400 -0.314647 0.072874 -0.007881
2422	0.101700 -0.033800 0.005800 0.315906 0.948781 -0.005955 -0.067264 0.028685 0.997323 0.946400 -0.314647 0.072874 -0.004302
2421	0.101700 -0.033800 0.005800 0.067264 -0.028685 -0.997323 0.315906 0.948781 -0.005955 0.946400 -0.314647 0.072874 1.000000
2433	0.086600 -0.063900 0.005600 0.061553 -0.045758 -0.997055 0.552562 0.833432 -0.004103 0.831168 -0.550693 0.076589 -0.011392
2432	0.086600 -0.063900 0.005600 0.552562 0.833432 -0.004103 -0.061553 0.045758 0.997055 0.831168 -0.550693 0.076589 -0.005534
2431	0.086600 -0.063900 0.005600 0.061553 -0.045758 -0.997055 0.552562 0.833432 -0.004103 0.831168 -0.550693 0.076589 1.000000
2442	0.078100 -0.062900 0.039400 0.255528 -0.200559 -0.945839 0.596247 0.802750 -0.009064 0.761037 -0.561593 0.324677 -0.009362
2443	0.078100 -0.062900 0.039400 0.596247 0.802750 -0.009064 -0.255528 0.200559 0.945839 0.761037 -0.561593 0.324677 -0.007633
2441	0.078100 -0.062900 0.039400 0.255528 -0.200559 -0.945839 0.596247 0.802750 -0.009064 0.761037 -0.561593 0.324677 1.000000
2512	0.063000 -0.090600 -0.027600 -0.023625 0.038798 -0.998976 0.801779 0.597606 0.004198 0.597143 -0.800842 -0.045225 -0.010750
2513	0.063000 -0.090600 -0.027600 0.801779 0.597606 0.004198 0.023625 -0.038798 0.998976 0.597143 -0.800842 -0.045225 -0.009890
2511	0.063000 -0.090600 -0.027600 -0.023625 0.038798 -0.998976 0.801779 0.597606 0.004198 0.597143 -0.800842 -0.045225 1.000000
2522	0.086100 -0.066100 -0.028000 -0.020662 0.011262 -0.999691 0.561417 0.827530 -0.002312 0.827273 -0.561306 -0.023422 -0.008261
2523	0.086100 -0.066100 -0.028000 0.561417 0.827530 -0.002312 0.020662 -0.011262 0.999691 0.827273 -0.561306 -0.023422 -0.008195
2521	0.086100 -0.066100 -0.028000 -0.020662 0.011262 -0.999691 0.561417 0.827530 -0.002312 0.827273 -0.561306 -0.023422 1.000000
2533	0.075700 -0.079800 -0.062000 0.010835 0.002450 -0.999938 0.699220 0.714855 0.009400 0.714776 -0.699223 0.006032 -0.003692
2532	0.075700 -0.079800 -0.062000 0.699220 0.714855 0.009400 -0.010835 -0.002450 0.999938 0.714776 -0.699223 0.006032 -0.010726
2531	0.075700 -0.079800 -0.062000 0.010835 0.002450 -0.999938 0.699220 0.714855 0.009400 0.714776 -0.699223 0.006032 1.000000
2543	0.048800 -0.099400 -0.062100 0.010193 -0.005280 -0.999934 0.907731 0.419649 0.007112 0.419543 -0.907657 0.009069 -0.008547
2542	0.048800 -0.099400 -0.062100 0.907731 0.419649 0.007112 -0.010193 0.005280 0.999934 0.419543 -0.907657 0.009069 -0.002317
2541	0.048800 -0.099400 -0.062100 0.010193 -0.005280 -0.999934 0.907731 0.419649 0.007112 0.419543 -0.907657 0.009069 1.000000
2612	0.108700 -0.003300 -0.028000 -0.008672 0.002511 -0.999988 0.068905 0.997622 0.001879 0.997581 -0.068887 -0.008826 -0.011031
2613	0.108700 -0.003300 -0.028000 0.068905 0.997622 0.001879 0.008672 -0.002511 0.999988 0.997581 -0.068887 -0.008826 -0.005914
2611	0.108700 -0.003300 -0.028000 -0.008672 0.002511 -0.999988 0.068905 0.997622 0.001879 0.997581 -0.068887 -0.008826 1.000000
2623	0.106800 -0.020600 -0.062100 0.038092 -0.001187 -0.999273 0.227674 0.973680 0.007502 0.972974 -0.227798 0.037361 -0.007827
2622	0.106800 -0.020600 -0.062100 0.227674 0.973680 0.007502 -0.038092 0.001187 0.999273 0.972974 -0.227798 0.037361 -0.003148
2621	0.106800 -0.020600 -0.062100 0.038092 -0.001187 -0.999273 0.227674 0.973680 0.007502 0.972974 -0.227798 0.037361 1.000000
2633	0.095100 -0.052400 -0.062000 0.019513 0.000950 -0.999809 0.479842 0.877310 0.010153 0.877113 -0.479928 0.016663 -0.010002
2632	0.095100 -0.052400 -0.062000 0.479842 0.877310 0.010153 -0.019513 -0.000950 0.999809 0.877113 -0.479928 0.016663 -0.006315
2631	0.095100 -0.052400 -0.062000 0.019513 0.000950 -0.999809 0.479842 0.877310 0.010153 0.877113 -0.479928 0.016663 1.000000
2642	0.101700 -0.036100 -0.027800 -0.022159 0.003332 -0.999720 0.327732 0.944761 -0.004136 0.944504 -0.327740 -0.022029 -0.007293
2643	0.101700 -0.036100 -0.027800 0.327732 0.944761 -0.004136 0.022159 -0.003332 0.999720 0.944504 -0.327740 -0.022029 -0.007403
2641	0.101700 -0.036100 -0.027800 -0.022159 0.003332 -0.999720 0.327732 0.944761 -0.004136 0.944504 -0.327740 -0.022029 1.000000
