113	-0.106600 0.046400 -0.060400 -0.043192 0.011424 -0.999001 -0.182389 -0.983231 -0.003430 -0.984840 0.169325 0.031359 -0.004352
112	-0.106600 0.046400 -0.060400 -0.182389 -0.983231 -0.003430 0.043192 -0.011424 0.999001 -0.984840 0.169325 0.031359 -0.006618
111	-0.106600 0.046400 -0.060400 -0.043192 0.011424 -0.999001 -0.182389 -0.983231 -0.003430 -0.984840 0.169325 0.031359 0.984540
122	-0.102000 0.063100 -0.025600 -0.010224 0.007743 -0.999913 -0.255077 -0.966909 -0.004888 -0.972299 0.233111 0.009366 -0.005025
123	-0.102000 0.063100 -0.025600 -0.255077 -0.966909 -0.004888 0.010224 -0.007743 0.999913 -0.972299 0.233111 0.009366 -0.005359
121	-0.102000 0.063100 -0.025600 -0.010224 0.007743 -0.999913 -0.255077 -0.966909 -0.004888 -0.972299 0.233111 0.009366 0.983612
132	-0.108500 0.030200 -0.026600 -0.002632 0.002766 -0.999954 -0.082295 -0.996605 -0.002503 -0.996982 0.077389 0.001764 -0.002973
133	-0.108500 0.030200 -0.026600 -0.082295 -0.996605 -0.002503 0.002632 -0.002766 0.999954 -0.996982 0.077389 0.001764 -0.001138
131	-0.108500 0.030200 -0.026600 -0.002632 0.002766 -0.999954 -0.082295 -0.996605 -0.002503 -0.996982 0.077389 0.001764 0.981358
143	-0.109900 0.013100 -0.062700 -0.059434 0.002927 -0.998228 -0.026704 -0.999691 -0.001402 -0.998256 0.029965 0.049292 -0.004646
142	-0.109900 0.013100 -0.062700 -0.026704 -0.999691 -0.001402 0.059434 -0.002927 0.998228 -0.998256 0.029965 0.049292 -0.005391
141	-0.109900 0.013100 -0.062700 -0.059434 0.002927 -0.998228 -0.026704 -0.999691 -0.001402 -0.998256 0.029965 0.049292 0.975691
213	-0.107400 0.032900 0.008000 -0.059342 0.008523 -0.998202 -0.099808 -0.994930 -0.002595 -0.993178 0.100994 0.058127 -0.004095
212	-0.107400 0.032900 0.008000 -0.099808 -0.994930 -0.002595 0.059342 -0.008523 0.998202 -0.993178 0.100994 0.058127 -0.005530
211	-0.107400 0.032900 0.008000 -0.059342 0.008523 -0.998202 -0.099808 -0.994930 -0.002595 -0.993178 0.100994 0.058127 0.989925
222	-0.098900 0.040300 0.041300 -0.338138 0.058981 -0.939307 -0.160635 -0.987005 -0.004136 -0.926574 0.146749 0.346017 -0.004471
223	-0.098900 0.040300 0.041300 -0.160635 -0.987005 -0.004136 0.338138 -0.058981 0.939307 -0.926574 0.146749 0.346017 -0.006394
221	-0.098900 0.040300 0.041300 -0.338138 0.058981 -0.939307 -0.160635 -0.987005 -0.004136 -0.926574 0.146749 0.346017 0.987366
232	-0.101100 0.004400 0.040800 -0.348952 0.008858 -0.937086 0.044088 -0.998693 -0.025851 -0.934243 -0.053688 0.352476 -0.003960
233	-0.101100 0.004400 0.040800 0.044088 -0.998693 -0.025851 0.348952 -0.008858 0.937086 -0.934243 -0.053688 0.352476 -0.007060
231	-0.101100 0.004400 0.040800 -0.348952 0.008858 -0.937086 0.044088 -0.998693 -0.025851 -0.934243 -0.053688 0.352476 0.984924
243	-0.108300 -0.001100 0.007100 -0.071884 -0.010797 -0.997354 0.084394 -0.996437 0.004743 -0.993682 -0.084893 0.073306 -0.004253
242	-0.108300 -0.001100 0.007100 0.084394 -0.996437 0.004743 0.071884 0.010797 0.997354 -0.993682 -0.084893 0.073306 -0.006644
241	-0.108300 -0.001100 0.007100 -0.071884 -0.010797 -0.997354 0.084394 -0.996437 0.004743 -0.993682 -0.084893 0.073306 0.992636
313	-0.086100 0.098800 0.009000 -0.044708 0.123353 -0.991355 -0.480491 -0.872648 -0.086926 -0.885297 0.454780 0.094660 -0.004007
312	-0.086100 0.098800 0.009000 -0.480491 -0.872648 -0.086926 0.044708 -0.123353 0.991355 -0.885297 0.454780 0.094660 -0.008652
311	-0.086100 0.098800 0.009000 -0.044708 0.123353 -0.991355 -0.480491 -0.872648 -0.086926 -0.885297 0.454780 0.094660 0.993433
322	-0.088700 0.075700 0.041200 -0.343042 0.115401 -0.932217 -0.370229 -0.928697 0.021275 -0.863649 0.349542 0.362850 -0.004477
323	-0.088700 0.075700 0.041200 -0.370229 -0.928697 0.021275 0.343042 -0.115401 0.932217 -0.863649 0.349542 0.362850 -0.008346
321	-0.088700 0.075700 0.041200 -0.343042 0.115401 -0.932217 -0.370229 -0.928697 0.021275 -0.863649 0.349542 0.362850 0.988930
333	-0.070200 0.075800 0.070700 -0.590237 0.227030 -0.774647 -0.390472 -0.920245 0.027763 -0.703450 0.324758 0.632168 -0.005026
332	-0.070200 0.075800 0.070700 -0.390472 -0.920245 0.027763 0.590237 -0.227030 0.774647 -0.703450 0.324758 0.632168 -0.008987
331	-0.070200 0.075800 0.070700 -0.590237 0.227030 -0.774647 -0.390472 -0.920245 0.027763 -0.703450 0.324758 0.632168 0.994112
343	-0.100300 0.065900 0.008100 -0.073512 0.027010 -0.996929 -0.286115 -0.958183 -0.004870 -0.958547 0.274546 0.074996 -0.004966
342	-0.100300 0.065900 0.008100 -0.286115 -0.958183 -0.004870 0.073512 -0.027010 0.996929 -0.958547 0.274546 0.074996 -0.008889
341	-0.100300 0.065900 0.008100 -0.073512 0.027010 -0.996929 -0.286115 -0.958183 -0.004870 -0.958547 0.274546 0.074996 0.989753
413	-0.080800 0.041300 0.072000 -0.637854 0.048226 -0.768646 -0.137287 -0.989253 0.051840 -0.755376 0.140659 0.639987 -0.005150
412	-0.080800 0.041300 0.072000 -0.137287 -0.989253 0.051840 0.637854 -0.048226 0.768646 -0.755376 0.140659 0.639987 -0.009925
411	-0.080800 0.041300 0.072000 -0.637854 0.048226 -0.768646 -0.137287 -0.989253 0.051840 -0.755376 0.140659 0.639987 0.992709
422	-0.052600 0.040600 0.095200 -0.876054 -0.019363 -0.481831 -0.055183 -0.988609 0.140028 -0.479507 0.153032 0.863987 -0.006559
423	-0.052600 0.040600 0.095200 -0.055183 -0.988609 0.140028 0.876054 0.019363 0.481831 -0.479507 0.153032 0.863987 -0.010015
421	-0.052600 0.040600 0.095200 -0.876054 -0.019363 -0.481831 -0.055183 -0.988609 0.140028 -0.479507 0.153032 0.863987 0.998585
432	-0.053700 0.005900 0.096900 -0.869342 -0.017749 -0.493716 0.027906 -0.999521 -0.013368 -0.490923 -0.025434 0.870826 -0.007673
433	-0.053700 0.005900 0.096900 0.027906 -0.999521 -0.013368 0.869342 0.017749 0.493716 -0.490923 -0.025434 0.870826 -0.011297
431	-0.053700 0.005900 0.096900 -0.869342 -0.017749 -0.493716 0.027906 -0.999521 -0.013368 -0.490923 -0.025434 0.870826 0.997513
443	-0.082900 0.006200 0.072800 -0.640022 0.002663 -0.768352 0.043966 -0.998266 -0.040044 -0.762805 -0.060272 0.643777 -0.005673
442	-0.082900 0.006200 0.072800 0.043966 -0.998266 -0.040044 0.640022 -0.002663 0.768352 -0.762805 -0.060272 0.643777 -0.012005
441	-0.082900 0.006200 0.072800 -0.640022 0.002663 -0.768352 0.043966 -0.998266 -0.040044 -0.762805 -0.060272 0.643777 0.994117
513	-0.063700 0.125400 0.013600 0.009441 0.229339 -0.973301 -0.791270 -0.593298 -0.147494 -0.632529 0.755430 0.169448 -0.005273
512	-0.063700 0.125400 0.013600 -0.791270 -0.593298 -0.147494 -0.009441 -0.229339 0.973301 -0.632529 0.755430 0.169448 -0.007052
511	-0.063700 0.125400 0.013600 0.009441 0.229339 -0.973301 -0.791270 -0.593298 -0.147494 -0.632529 0.755430 0.169448 0.997454
523	-0.033200 0.139700 0.017400 0.005469 0.235242 -0.971921 -0.957358 -0.279658 -0.073060 -0.319059 0.921350 0.217841 -0.004633
522	-0.033200 0.139700 0.017400 -0.957358 -0.279658 -0.073060 -0.005469 -0.235242 0.971921 -0.319059 0.921350 0.217841 -0.009070
521	-0.033200 0.139700 0.017400 0.005469 0.235242 -0.971921 -0.957358 -0.279658 -0.073060 -0.319059 0.921350 0.217841 1.006283
532	-0.033700 0.127400 0.048500 -0.051347 0.467066 -0.882748 -0.963127 -0.256894 -0.079949 -0.256937 0.848576 0.461499 -0.003936
533	-0.033700 0.127400 0.048500 -0.963127 -0.256894 -0.079949 0.051347 -0.467066 0.882748 -0.256937 0.848576 0.461499 -0.006899
531	-0.033700 0.127400 0.048500 -0.051347 0.467066 -0.882748 -0.963127 -0.256894 -0.079949 -0.256937 0.848576 0.461499 1.001576
542	-0.067200 0.108900 0.044300 -0.172166 0.378657 -0.909303 -0.704700 -0.692400 -0.154855 -0.689235 0.612571 0.386832 -0.000364
543	-0.067200 0.108900 0.044300 -0.704700 -0.692400 -0.154855 0.172166 -0.378657 0.909303 -0.689235 0.612571 0.386832 -0.004139
541	-0.067200 0.108900 0.044300 -0.172166 0.378657 -0.909303 -0.704700 -0.692400 -0.154855 -0.689235 0.612571 0.386832 0.993021
613	-0.035800 0.104800 0.075000 -0.008002 0.767704 -0.640754 -0.956770 -0.192120 -0.218276 -0.291442 0.614358 0.733202 -0.005136
612	-0.035800 0.104800 0.075000 -0.956770 -0.192120 -0.218276 0.008002 -0.767704 0.640754 -0.291442 0.614358 0.733202 -0.009128
611	-0.035800 0.104800 0.075000 -0.008002 0.767704 -0.640754 -0.956770 -0.192120 -0.218276 -0.291442 0.614358 0.733202 0.990415
622	0.000100 0.077500 0.096700 0.000200 0.917534 -0.397784 -1.000000 0.000400 0.000200 0.000345 0.398576 0.917135 -0.009521
623	0.000100 0.077500 0.096700 -1.000000 0.000400 0.000200 -0.000200 -0.917534 0.397784 0.000345 0.398576 0.917135 -0.013690
621	0.000100 0.077500 0.096700 0.000200 0.917534 -0.397784 -1.000000 0.000400 0.000200 0.000345 0.398576 0.917135 1.002720
633	-0.018400 0.044000 0.106300 0.006547 0.983861 -0.178812 -0.990825 -0.017609 -0.133695 -0.140428 0.179249 0.973725 -0.025680
632	-0.018400 0.044000 0.106300 -0.990825 -0.017609 -0.133695 -0.006547 -0.983861 0.178812 -0.140428 0.179249 0.973725 -0.007885
631	-0.018400 0.044000 0.106300 0.006547 0.983861 -0.178812 -0.990825 -0.017609 -0.133695 -0.140428 0.179249 0.973725 1.004412
642	-0.036800 0.075300 0.092200 -0.027847 0.900137 -0.434680 -0.952124 -0.156298 -0.262738 -0.309935 0.409066 0.858222 0.005433
643	-0.036800 0.075300 0.092200 -0.952124 -0.156298 -0.262738 0.027847 -0.900137 0.434680 -0.309935 0.409066 0.858222 -0.006566
641	-0.036800 0.075300 0.092200 -0.027847 0.900137 -0.434680 -0.952124 -0.156298 -0.262738 -0.309935 0.409066 0.858222 0.997019
713	-0.018500 0.010500 0.109600 -0.987584 -0.011802 -0.156649 0.013343 -0.999837 -0.009023 -0.153577 -0.010095 0.987796 -0.006058
712	-0.018500 0.010500 0.109600 0.013343 -0.999837 -0.009023 0.987584 0.011802 0.156649 -0.153577 -0.010095 0.987796 -0.009186
711	-0.018500 0.010500 0.109600 -0.987584 -0.011802 -0.156649 0.013343 -0.999837 -0.009023 -0.153577 -0.010095 0.987796 1.005899
723	0.018600 0.010500 0.109600 0.989767 -0.006946 -0.142523 0.002162 0.999417 -0.033611 0.142917 0.034270 0.989137 -0.014478
722	0.018600 0.010500 0.109600 0.002162 0.999417 -0.033611 -0.989767 0.006946 0.142523 0.142917 0.034270 0.989137 -0.004120
721	0.018600 0.010500 0.109600 0.989767 -0.006946 -0.142523 0.002162 0.999417 -0.033611 0.142917 0.034270 0.989137 1.007443
733	0.018600 -0.023300 0.105900 -0.036483 -0.970494 -0.238351 0.988962 -0.000736 -0.148444 0.155889 -0.245006 0.956596 -0.002143
732	0.018600 -0.023300 0.105900 0.988962 -0.000736 -0.148444 0.036483 0.970494 0.238351 0.155889 -0.245006 0.956596 -0.002955
731	0.018600 -0.023300 0.105900 -0.036483 -0.970494 -0.238351 0.988962 -0.000736 -0.148444 0.155889 -0.245006 0.956596 1.002551
743	-0.018500 -0.023700 0.105800 0.038615 -0.971322 -0.234611 0.991000 0.007088 0.133437 -0.130317 -0.236216 0.962911 -0.003526
742	-0.018500 -0.023700 0.105800 0.991000 0.007088 0.133437 -0.038615 0.971322 0.234611 -0.130317 -0.236216 0.962911 -0.006888
741	-0.018500 -0.023700 0.105800 0.038615 -0.971322 -0.234611 0.991000 0.007088 0.133437 -0.130317 -0.236216 0.962911 0.998110
813	0.000100 0.144500 0.018700 -0.000514 0.268159 -0.963375 -0.999902 -0.012343 -0.002865 -0.014352 0.968001 0.250418 -0.005134
812	0.000100 0.144500 0.018700 -0.999902 -0.012343 -0.002865 0.000514 -0.268159 0.963375 -0.014352 0.968001 0.250418 -0.004761
811	0.000100 0.144500 0.018700 -0.000514 0.268159 -0.963375 -0.999902 -0.012343 -0.002865 -0.014352 0.968001 0.250418 1.006587
822	0.000100 0.131600 0.050000 0.000696 0.492805 -0.870153 -1.000000 0.000702 -0.000313 0.000477 0.867308 0.497619 -0.003194
823	0.000100 0.131600 0.050000 -1.000000 0.000702 -0.000313 -0.000696 -0.492805 0.870153 0.000477 0.867308 0.497619 -0.008385
821	0.000100 0.131600 0.050000 0.000696 0.492805 -0.870153 -1.000000 0.000702 -0.000313 0.000477 0.867308 0.497619 1.006674
913	0.033100 0.139700 0.017300 -0.005300 0.236504 -0.971616 -0.964716 0.254804 0.067301 0.264580 0.936922 0.227389 0.003218
912	0.033100 0.139700 0.017300 -0.964716 0.254804 0.067301 0.005300 -0.236504 0.971616 0.264580 0.936922 0.227389 -0.006238
911	0.033100 0.139700 0.017300 -0.005300 0.236504 -0.971616 -0.964716 0.254804 0.067301 0.264580 0.936922 0.227389 1.005791
923	0.063800 0.125300 0.013500 -0.015506 0.226042 -0.973994 -0.783202 0.602861 0.152445 0.614672 0.770230 0.167700 -0.006419
922	0.063800 0.125300 0.013500 -0.783202 0.602861 0.152445 0.015506 -0.226042 0.973994 0.614672 0.770230 0.167700 -0.013252
921	0.063800 0.125300 0.013500 -0.015506 0.226042 -0.973994 -0.783202 0.602861 0.152445 0.614672 0.770230 0.167700 1.027099
932	0.067100 0.108800 0.044400 0.174702 0.376780 -0.909736 -0.712556 0.685990 0.147252 0.672748 0.628551 0.389020 -0.004600
933	0.067100 0.108800 0.044400 -0.712556 0.685990 0.147252 -0.174702 -0.376780 0.909736 0.672748 0.628551 0.389020 -0.000806
931	0.067100 0.108800 0.044400 0.174702 0.376780 -0.909736 -0.712556 0.685990 0.147252 0.672748 0.628551 0.389020 1.000599
942	0.033800 0.127300 0.048600 0.053282 0.461608 -0.885517 -0.961993 0.261547 0.078504 0.273328 0.846996 0.455750 -0.006880
943	0.033800 0.127300 0.048600 -0.961993 0.261547 0.078504 -0.053282 -0.461608 0.885517 0.273328 0.846996 0.455750 -0.007636
941	0.033800 0.127300 0.048600 0.053282 0.461608 -0.885517 -0.961993 0.261547 0.078504 0.273328 0.846996 0.455750 0.999742
1013	0.000100 0.109300 0.077100 0.001075 0.754035 -0.656833 -0.999848 -0.013121 -0.016614 -0.021249 0.659109 0.751716 -0.000438
1012	0.000100 0.109300 0.077100 -0.999848 -0.013121 -0.016614 -0.001075 -0.754035 0.656833 -0.021249 0.659109 0.751716 -0.007451
1011	0.000100 0.109300 0.077100 0.001075 0.754035 -0.656833 -0.999848 -0.013121 -0.016614 -0.021249 0.659109 0.751716 0.993732
1023	0.035800 0.104800 0.075000 0.004652 0.763323 -0.646000 -0.961694 0.180690 0.206538 0.278664 0.618583 0.734552 -0.004310
1022	0.035800 0.104800 0.075000 -0.961694 0.180690 0.206538 -0.004652 -0.763323 0.646000 0.278664 0.618583 0.734552 -0.021186
1021	0.035800 0.104800 0.075000 0.004652 0.763323 -0.646000 -0.961694 0.180690 0.206538 0.278664 0.618583 0.734552 0.995761
1032	0.036800 0.075200 0.092300 0.030759 0.898064 -0.438648 -0.950756 0.161696 0.264419 0.315643 0.408228 0.856544 -0.005950
1033	0.036800 0.075200 0.092300 -0.950756 0.161696 0.264419 -0.030759 -0.898064 0.438648 0.315643 0.408228 0.856544 -0.117223
1031	0.036800 0.075200 0.092300 0.030759 0.898064 -0.438648 -0.950756 0.161696 0.264419 0.315643 0.408228 0.856544 1.002011
1043	0.018400 0.044200 0.106200 -0.013699 0.979661 -0.200192 -0.992699 0.010683 0.120194 0.133078 0.203061 0.969801 -0.035743
1042	0.018400 0.044200 0.106200 -0.992699 0.010683 0.120194 0.013700 -0.979659 0.200201 0.133078 0.203061 0.969801 -0.012558
1041	0.018400 0.044200 0.106200 -0.013699 0.979661 -0.200192 -0.992699 0.010683 0.120194 0.133078 0.203061 0.969801 1.011441
1112	0.052500 0.040600 0.095300 0.875977 -0.017532 -0.481988 -0.056990 0.988572 -0.139562 0.474231 0.150940 0.867060 -0.002318
1113	0.052500 0.040600 0.095300 -0.056990 0.988572 -0.139562 -0.875977 0.017532 0.481988 0.474231 0.150940 0.867060 0.015835
1111	0.052500 0.040600 0.095300 0.875977 -0.017532 -0.481988 -0.056990 0.988572 -0.139562 0.474231 0.150940 0.867060 1.002284
1123	0.080900 0.041300 0.072100 0.635151 0.049981 -0.770768 -0.172205 0.981850 -0.078248 0.750609 0.185788 0.633862 -0.005259
1122	0.080900 0.041300 0.072100 -0.172205 0.981850 -0.078248 -0.635151 -0.049981 0.770768 0.750609 0.185788 0.633862 0.006452
1121	0.080900 0.041300 0.072100 0.635151 0.049981 -0.770768 -0.172205 0.981850 -0.078248 0.750609 0.185788 0.633862 0.998675
1133	0.082800 0.006100 0.072800 0.637346 0.000754 -0.770577 0.010678 0.999930 0.009847 0.771426 -0.014630 0.636122 -0.008271
1132	0.082800 0.006100 0.072800 0.010678 0.999930 0.009847 -0.637346 -0.000754 0.770577 0.771426 -0.014630 0.636122 -0.004685
1131	0.082800 0.006100 0.072800 0.637346 0.000754 -0.770577 0.010678 0.999930 0.009847 0.771426 -0.014630 0.636122 0.997201
1142	0.053500 0.006200 0.097000 0.868516 -0.018145 -0.495307 0.029998 0.999422 0.015994 0.495562 -0.029879 0.868053 -0.005538
1143	0.053500 0.006200 0.097000 0.029998 0.999422 0.015994 -0.868516 0.018145 0.495307 0.495562 -0.029879 0.868053 0.003658
1141	0.053500 0.006200 0.097000 0.868516 -0.018145 -0.495307 0.029998 0.999422 0.015994 0.495562 -0.029879 0.868053 1.002133
1213	0.086200 0.098600 0.008900 0.057403 0.126430 -0.990314 -0.505380 0.859180 0.080383 0.835050 0.533303 0.124923 -0.006644
1212	0.086200 0.098600 0.008900 -0.505380 0.859180 0.080383 -0.057403 -0.126430 0.990314 0.835050 0.533303 0.124923 -0.000509
1211	0.086200 0.098600 0.008900 0.057403 0.126430 -0.990314 -0.505380 0.859180 0.080383 0.835050 0.533303 0.124923 1.049386
1223	0.100300 0.066000 0.008200 0.081917 0.032425 -0.996112 -0.316114 0.948743 0.004949 0.935303 0.339821 0.094508 -0.007185
1222	0.100300 0.066000 0.008200 -0.316114 0.948743 0.004949 -0.081917 -0.032425 0.996112 0.935303 0.339821 0.094508 -0.003320
1221	0.100300 0.066000 0.008200 0.081917 0.032425 -0.996112 -0.316114 0.948743 0.004949 0.935303 0.339821 0.094508 1.042929
1232	0.088700 0.075700 0.041200 0.344624 0.116049 -0.931559 -0.373112 0.927513 -0.022515 0.859960 0.359056 0.362444 -0.006779
1233	0.088700 0.075700 0.041200 -0.373112 0.927513 -0.022515 -0.344624 -0.116049 0.931559 0.859960 0.359056 0.362444 0.003024
1231	0.088700 0.075700 0.041200 0.344624 0.116049 -0.931559 -0.373112 0.927513 -0.022515 0.859960 0.359056 0.362444 0.998295
1243	0.069900 0.075800 0.070900 0.607466 0.235431 -0.758655 -0.427006 0.902190 -0.061864 0.668464 0.365519 0.647629 -0.004481
1242	0.069900 0.075800 0.070900 -0.427006 0.902190 -0.061864 -0.607466 -0.235431 0.758655 0.668464 0.365519 0.647629 0.017951
1241	0.069900 0.075800 0.070900 0.607466 0.235431 -0.758655 -0.427006 0.902190 -0.061864 0.668464 0.365519 0.647629 0.995851
1312	0.098900 0.040400 0.041300 0.340624 0.060207 -0.938307 -0.166634 0.986015 0.002713 0.923644 0.158801 0.348675 -0.008363
1313	0.098900 0.040400 0.041300 -0.166634 0.986015 0.002713 -0.340624 -0.060207 0.938307 0.923644 0.158801 0.348675 -0.003575
1311	0.098900 0.040400 0.041300 0.340624 0.060207 -0.938307 -0.166634 0.986015 0.002713 0.923644 0.158801 0.348675 1.000049
1323	0.107400 0.032900 0.008100 0.074320 0.012956 -0.997151 -0.133975 0.990993 0.002892 0.986345 0.145427 0.077061 -0.010096
1322	0.107400 0.032900 0.008100 -0.133975 0.990993 0.002892 -0.074320 -0.012956 0.997151 0.986345 0.145427 0.077061 -0.000045
1321	0.107400 0.032900 0.008100 0.074320 0.012956 -0.997151 -0.133975 0.990993 0.002892 0.986345 0.145427 0.077061 1.020145
1333	0.108300 -0.001100 0.006800 0.059512 -0.002804 -0.998224 0.056714 0.998399 0.000612 0.996428 -0.058455 0.060611 -0.008052
1332	0.108300 -0.001100 0.006800 0.056714 0.998399 0.000612 -0.059512 0.002804 0.998224 0.996428 -0.058455 0.060611 0.000532
1331	0.108300 -0.001100 0.006800 0.059512 -0.002804 -0.998224 0.056714 0.998399 0.000612 0.996428 -0.058455 0.060611 1.005712
1342	0.101000 0.004400 0.041000 0.347534 0.008052 -0.937655 0.037062 0.999065 0.022275 0.936717 -0.042244 0.347480 -0.005303
1343	0.101000 0.004400 0.041000 0.037062 0.999065 0.022275 -0.347534 -0.008052 0.937655 0.936717 -0.042244 0.347480 0.003870
1341	0.101000 0.004400 0.041000 0.347534 0.008052 -0.937655 0.037062 0.999065 0.022275 0.936717 -0.042244 0.347480 0.996909
1412	0.102000 0.063000 -0.026000 0.015238 0.012156 -0.999866 -0.281326 0.959584 0.007399 0.953743 0.299197 0.014366 -0.007690
1413	0.102000 0.063000 -0.026000 -0.281326 0.959584 0.007399 -0.015238 -0.012156 0.999866 0.953743 0.299197 0.014366 -0.001365
1411	0.102000 0.063000 -0.026000 0.015238 0.012156 -0.999866 -0.281326 0.959584 0.007399 0.953743 0.299197 0.014366 1.042407
1423	0.106500 0.046900 -0.060000 0.054170 0.015845 -0.998406 -0.172942 0.984903 0.006238 0.972698 0.217893 0.063747 -0.004493
1422	0.106500 0.046900 -0.060000 -0.172942 0.984903 0.006238 -0.054170 -0.015845 0.998406 0.972698 0.217893 0.063747 0.003246
1421	0.106500 0.046900 -0.060000 0.054170 0.015845 -0.998406 -0.172942 0.984903 0.006238 0.972698 0.217893 0.063747 1.096494
1433	0.109800 0.013100 -0.062200 0.046916 0.004743 -0.998887 -0.007341 0.999967 0.004362 0.998770 0.008384 0.048455 -0.005027
1432	0.109800 0.013100 -0.062200 -0.007341 0.999967 0.004362 -0.046916 -0.004743 0.998887 0.998770 0.008384 0.048455 0.003507
1431	0.109800 0.013100 -0.062200 0.046916 0.004743 -0.998887 -0.007341 0.999967 0.004362 0.998770 0.008384 0.048455 1.044242
1442	0.108300 0.030100 -0.026200 0.008620 0.005949 -0.999891 -0.102930 0.994676 0.005101 0.994255 0.106507 0.007929 -0.006292
1443	0.108300 0.030100 -0.026200 -0.102930 0.994676 0.005101 -0.008620 -0.005949 0.999891 0.994255 0.106507 0.007929 -0.003972
1441	0.108300 0.030100 -0.026200 0.008620 0.005949 -0.999891 -0.102930 0.994676 0.005101 0.994255 0.106507 0.007929 1.029154
1512	-0.108800 -0.003200 -0.028400 0.012979 0.000157 -0.999899 0.087962 -0.996124 0.000929 -0.995825 -0.089801 -0.015059 -0.003884
1513	-0.108800 -0.003200 -0.028400 0.087962 -0.996124 0.000929 -0.012979 -0.000157 0.999899 -0.995825 -0.089801 -0.015059 -0.001496
1511	-0.108800 -0.003200 -0.028400 0.012979 0.000157 -0.999899 0.087962 -0.996124 0.000929 -0.995825 -0.089801 -0.015059 0.990682
1522	-0.101700 -0.036000 -0.028100 0.026860 0.002336 -0.999619 0.346837 -0.937899 0.007170 -0.937240 -0.347662 -0.026313 -0.004682
1523	-0.101700 -0.036000 -0.028100 0.346837 -0.937899 0.007170 -0.026860 -0.002336 0.999619 -0.937240 -0.347662 -0.026313 0.009071
1521	-0.101700 -0.036000 -0.028100 0.026860 0.002336 -0.999619 0.346837 -0.937899 0.007170 -0.937240 -0.347662 -0.026313 0.999593
1533	-0.095100 -0.052400 -0.062300 -0.024416 -0.004442 -0.999692 0.447941 -0.894011 -0.006940 -0.891953 -0.451497 0.023716 -0.005985
1532	-0.095100 -0.052400 -0.062300 0.447941 -0.894011 -0.006940 0.024416 0.004442 0.999692 -0.891953 -0.451497 0.023716 -0.016226
1531	-0.095100 -0.052400 -0.062300 -0.024416 -0.004442 -0.999692 0.447941 -0.894011 -0.006940 -0.891953 -0.451497 0.023716 0.995625
1543	-0.106800 -0.020500 -0.062500 -0.037620 -0.003023 -0.999287 0.190091 -0.981748 -0.004199 -0.980675 -0.192552 0.034414 -0.005212
1542	-0.106800 -0.020500 -0.062500 0.190091 -0.981748 -0.004199 0.037620 0.003023 0.999287 -0.980675 -0.192552 0.034414 -0.013933
1541	-0.106800 -0.020500 -0.062500 -0.037620 -0.003023 -0.999287 0.190091 -0.981748 -0.004199 -0.980675 -0.192552 0.034414 0.985073
1613	-0.101700 -0.033900 0.005600 -0.067076 -0.031126 -0.997263 0.334370 -0.942413 0.006976 -0.940601 -0.330737 0.076359 -0.003100
1612	-0.101700 -0.033900 0.005600 0.334370 -0.942413 0.006976 0.067076 0.031126 0.997263 -0.940601 -0.330737 0.076359 0.004319
1611	-0.101700 -0.033900 0.005600 -0.067076 -0.031126 -0.997263 0.334370 -0.942413 0.006976 -0.940601 -0.330737 0.076359 0.991275
1622	-0.095200 -0.030800 0.039100 -0.317164 -0.055600 -0.946726 0.310836 -0.949235 -0.048297 -0.893600 -0.311131 0.323326 -0.005821
1623	-0.095200 -0.030800 0.039100 0.310836 -0.949235 -0.048297 0.317164 0.055600 0.946726 -0.893600 -0.311131 0.323326 -0.009110
1621	-0.095200 -0.030800 0.039100 -0.317164 -0.055600 -0.946726 0.310836 -0.949235 -0.048297 -0.893600 -0.311131 0.323326 0.988956
1632	-0.078100 -0.062800 0.039400 -0.255477 -0.196697 -0.946617 0.599493 -0.800367 0.004483 -0.757043 -0.565949 0.326207 -0.005601
1633	-0.078100 -0.062800 0.039400 0.599493 -0.800367 0.004483 0.255477 0.196697 0.946617 -0.757043 -0.565949 0.326207 -0.005794
1631	-0.078100 -0.062800 0.039400 -0.255477 -0.196697 -0.946617 0.599493 -0.800367 0.004483 -0.757043 -0.565949 0.326207 0.991816
1643	-0.086600 -0.064000 0.005500 -0.057827 -0.046407 -0.997247 0.569954 -0.821618 0.005131 -0.816818 -0.571877 0.075749 -0.006522
1642	-0.086600 -0.064000 0.005500 0.569954 -0.821618 0.005131 0.057827 0.046407 0.997247 -0.816818 -0.571877 0.075749 -0.018444
1641	-0.086600 -0.064000 0.005500 -0.057827 -0.046407 -0.997247 0.569954 -0.821618 0.005131 -0.816818 -0.571877 0.075749 0.999348
1713	-0.075800 -0.079700 -0.062100 -0.001261 -0.016444 -0.999864 0.666135 -0.745729 0.011381 -0.744925 -0.667026 0.012011 -0.003696
1712	-0.075800 -0.079700 -0.062100 0.666135 -0.745729 0.011381 0.001261 0.016444 0.999864 -0.744925 -0.667026 0.012011 -0.043414
1711	-0.075800 -0.079700 -0.062100 -0.001261 -0.016444 -0.999864 0.666135 -0.745729 0.011381 -0.744925 -0.667026 0.012011 0.998593
1722	-0.086100 -0.066000 -0.028200 0.025197 0.011077 -0.999652 0.575438 -0.817827 0.005438 -0.815829 -0.577619 -0.027114 -0.001228
1723	-0.086100 -0.066000 -0.028200 0.575438 -0.817827 0.005438 -0.025197 -0.011077 0.999652 -0.815829 -0.577619 -0.027114 0.014637
1721	-0.086100 -0.066000 -0.028200 0.025197 0.011077 -0.999652 0.575438 -0.817827 0.005438 -0.815829 -0.577619 -0.027114 1.002866
1732	-0.063200 -0.090500 -0.027800 0.025416 0.036492 -0.999039 0.812071 -0.583557 -0.000605 -0.586128 -0.808986 -0.043343 -0.003475
1733	-0.063200 -0.090500 -0.027800 0.812071 -0.583557 -0.000605 -0.025416 -0.036492 0.999039 -0.586128 -0.808986 -0.043343 -0.028923
1731	-0.063200 -0.090500 -0.027800 0.025416 0.036492 -0.999039 0.812071 -0.583557 -0.000605 -0.586128 -0.808986 -0.043343 1.002017
1743	-0.048900 -0.099400 -0.062100 -0.014610 -0.020786 -0.999677 0.885419 -0.464875 -0.003267 -0.465767 -0.884343 0.026810 -0.006628
1742	-0.048900 -0.099400 -0.062100 0.885419 -0.464875 -0.003267 0.014610 0.020786 0.999677 -0.465767 -0.884343 0.026810 -0.012775
1741	-0.048900 -0.099400 -0.062100 -0.014610 -0.020786 -0.999677 0.885419 -0.464875 -0.003267 -0.465767 -0.884343 0.026810 0.995841
1813	-0.078600 -0.028700 0.069600 -0.613531 -0.039374 -0.788688 0.251025 -0.956727 -0.147524 -0.744041 -0.289450 0.602110 -0.005810
1812	-0.078600 -0.028700 0.069600 0.251025 -0.956727 -0.147524 0.613531 0.039374 0.788688 -0.744041 -0.289450 0.602110 -0.010158
1811	-0.078600 -0.028700 0.069600 -0.613531 -0.039374 -0.788688 0.251025 -0.956727 -0.147524 -0.744041 -0.289450 0.602110 0.992405
1822	-0.051800 -0.027700 0.092700 -0.857883 0.025929 -0.513244 0.109439 -0.966554 -0.231940 -0.497527 -0.257709 0.828241 -0.008194
1823	-0.051800 -0.027700 0.092700 0.109439 -0.966554 -0.231940 0.857883 -0.025929 0.513244 -0.497527 -0.257709 0.828241 -0.008249
1821	-0.051800 -0.027700 0.092700 -0.857883 0.025929 -0.513244 0.109439 -0.966554 -0.231940 -0.497527 -0.257709 0.828241 0.996313
1832	-0.018100 -0.054200 0.092300 0.070631 -0.841305 -0.536010 0.987668 -0.016260 0.155720 -0.141364 -0.536300 0.832078 -0.005275
1833	-0.018100 -0.054200 0.092300 0.987668 -0.016260 0.155720 -0.070631 0.841305 0.536010 -0.141364 -0.536300 0.832078 -0.009572
1831	-0.018100 -0.054200 0.092300 0.070631 -0.841305 -0.536010 0.987668 -0.016260 0.155720 -0.141364 -0.536300 0.832078 0.995852
1843	-0.055200 -0.062700 0.070700 -0.383905 -0.499806 -0.776409 0.776395 -0.629840 0.021567 -0.500983 -0.594500 0.628907 -0.002432
1842	-0.055200 -0.062700 0.070700 0.776395 -0.629840 0.021567 0.383898 0.499798 0.776417 -0.500983 -0.594500 0.628907 -0.000527
1841	-0.055200 -0.062700 0.070700 -0.383905 -0.499806 -0.776409 0.776395 -0.629840 0.021567 -0.500983 -0.594500 0.628907 0.993014
1912	-0.051300 -0.086100 0.039700 -0.152976 -0.298373 -0.942071 0.882507 -0.470265 0.005675 -0.449643 -0.827495 0.336008 -0.004163
1913	-0.051300 -0.086100 0.039700 0.882507 -0.470265 0.005675 0.152976 0.298373 0.942071 -0.449643 -0.827495 0.336008 -0.008359
1911	-0.051300 -0.086100 0.039700 -0.152976 -0.298373 -0.942071 0.882507 -0.470265 0.005675 -0.449643 -0.827495 0.336008 0.996266
1923	-0.033500 -0.103300 0.006200 -0.045013 -0.143477 -0.988629 0.961059 -0.276340 -0.003656 -0.280702 -0.948305 0.147482 -0.004840
1922	-0.033500 -0.103300 0.006200 0.961059 -0.276340 -0.003656 0.045013 0.143477 0.988629 -0.280702 -0.948305 0.147482 -0.007696
1921	-0.033500 -0.103300 0.006200 -0.045013 -0.143477 -0.988629 0.961059 -0.276340 -0.003656 -0.280702 -0.948305 0.147482 0.992606
1932	-0.033100 -0.105100 -0.027800 0.007009 0.019591 -0.999789 0.955118 -0.296224 0.000887 -0.302008 -0.952974 -0.022040 -0.001967
1933	-0.033100 -0.105100 -0.027800 0.955118 -0.296224 0.000887 -0.007009 -0.019591 0.999789 -0.302008 -0.952974 -0.022040 -0.013951
1931	-0.033100 -0.105100 -0.027800 0.007009 0.019591 -0.999789 0.955118 -0.296224 0.000887 -0.302008 -0.952974 -0.022040 0.995887
1943	-0.063600 -0.088400 0.006000 -0.064615 -0.086704 -0.994137 0.803886 -0.594793 -0.000329 -0.593968 -0.796750 0.110688 -0.003558
1942	-0.063600 -0.088400 0.006000 0.803886 -0.594793 -0.000329 0.064615 0.086704 0.994137 -0.593968 -0.796750 0.110688 -0.009441
1941	-0.063600 -0.088400 0.006000 -0.064615 -0.086704 -0.994137 0.803886 -0.594793 -0.000329 -0.593968 -0.796750 0.110688 0.991881
2013	-0.018600 -0.080100 0.069000 -0.000866 -0.619496 -0.784999 0.992571 -0.096164 0.074781 -0.123255 -0.777855 0.616205 -0.006067
2012	-0.018600 -0.080100 0.069000 0.992571 -0.096164 0.074781 0.000866 0.619496 0.784999 -0.123255 -0.777855 0.616205 -0.009834
2011	-0.018600 -0.080100 0.069000 -0.000866 -0.619496 -0.784999 0.992571 -0.096164 0.074781 -0.123255 -0.777855 0.616205 0.997970
2023	0.018600 -0.080200 0.068900 0.000046 -0.619269 -0.785179 0.986907 0.126839 -0.099947 0.162373 -0.775554 0.609977 -0.004319
2022	0.018600 -0.080200 0.068900 0.986907 0.126839 -0.099947 -0.000046 0.619269 0.785179 0.162373 -0.775554 0.609977 -0.006313
2021	0.018600 -0.080200 0.068900 0.000046 -0.619269 -0.785179 0.986907 0.126839 -0.099947 0.162373 -0.775554 0.609977 0.995337
2032	0.016900 -0.097200 0.039700 0.000140 -0.375706 -0.926798 0.989002 0.137124 -0.055433 0.148955 -0.918943 0.365103 -0.003596
2033	0.016900 -0.097200 0.039700 0.989002 0.137124 -0.055433 -0.000140 0.375706 0.926798 0.148955 -0.918943 0.365103 -0.006539
2031	0.016900 -0.097200 0.039700 0.000140 -0.375706 -0.926798 0.989002 0.137124 -0.055433 0.148955 -0.918943 0.365103 0.996499
2042	-0.017000 -0.097200 0.039700 -0.000680 -0.374971 -0.926996 0.990466 -0.127938 0.051082 -0.140867 -0.918952 0.367820 -0.005382
2043	-0.017000 -0.097200 0.039700 0.990466 -0.127938 0.051082 0.000680 0.374971 0.926996 -0.140867 -0.918952 0.367820 -0.007666
2041	-0.017000 -0.097200 0.039700 -0.000680 -0.374971 -0.926996 0.990466 -0.127938 0.051082 -0.140867 -0.918952 0.367820 0.997564
2113	0.000000 -0.108600 0.007000 -0.000021 -0.172166 -0.985068 0.999821 0.020321 -0.003586 0.022460 -0.986716 0.160742 -0.004288
2112	0.000000 -0.108600 0.007000 0.999821 0.020321 -0.003586 0.000021 0.172166 0.985068 0.022460 -0.986716 0.160742 -0.009460
2111	0.000000 -0.108600 0.007000 -0.000021 -0.172166 -0.985068 0.999821 0.020321 -0.003586 0.022460 -0.986716 0.160742 0.996806
2122	0.000000 -0.110600 -0.027500 0.000000 0.041531 -0.999166 1.000000 0.000263 0.000027 0.000279 -0.999076 -0.042931 -0.002714
2123	0.000000 -0.110600 -0.027500 1.000000 0.000263 0.000027 0.000000 -0.041531 0.999166 0.000279 -0.999076 -0.042931 -0.013896
2121	0.000000 -0.110600 -0.027500 0.000000 0.041531 -0.999166 1.000000 0.000263 0.000027 0.000279 -0.999076 -0.042931 0.998470
2133	0.017000 -0.109800 -0.061800 0.010273 -0.017438 -0.999795 0.988682 0.149808 0.007609 0.146388 -0.989034 0.018505 -0.003293
2132	0.017000 -0.109800 -0.061800 0.988682 0.149808 0.007609 -0.010273 0.017438 0.999795 0.146388 -0.989034 0.018505 -0.007172
2131	0.017000 -0.109800 -0.061800 0.010273 -0.017438 -0.999795 0.988682 0.149808 0.007609 0.146388 -0.989034 0.018505 0.995556
2143	-0.017100 -0.109800 -0.061900 -0.008290 -0.022928 -0.999702 0.980269 -0.197513 -0.003563 -0.201863 -0.979107 0.023366 -0.005254
2142	-0.017100 -0.109800 -0.061900 0.980269 -0.197513 -0.003563 0.008290 0.022928 0.999702 -0.201863 -0.979107 0.023366 -0.008654
2141	-0.017100 -0.109800 -0.061900 -0.008290 -0.022928 -0.999702 0.980269 -0.197513 -0.003563 -0.201863 -0.979107 0.023366 0.997483
2212	0.051700 -0.027600 0.092800 0.860320 0.026815 -0.508981 0.108963 0.965854 0.235063 0.498704 -0.259865 0.826869 -0.004651
2213	0.051700 -0.027600 0.092800 0.108963 0.965854 0.235063 -0.860320 -0.026815 0.508981 0.498704 -0.259865 0.826869 -0.003276
2211	0.051700 -0.027600 0.092800 0.860320 0.026815 -0.508981 0.108963 0.965854 0.235063 0.498704 -0.259865 0.826869 0.998792
2223	0.078600 -0.028400 0.069800 0.627473 -0.042698 -0.777467 0.223290 0.966359 0.127195 0.748135 -0.262516 0.609360 -0.001360
2222	0.078600 -0.028400 0.069800 0.223290 0.966359 0.127195 -0.627473 0.042698 0.777467 0.748135 -0.262516 0.609360 0.004978
2221	0.078600 -0.028400 0.069800 0.627473 -0.042698 -0.777467 0.223290 0.966359 0.127195 0.748135 -0.262516 0.609360 1.000616
2233	0.055300 -0.062800 0.070600 0.381220 -0.497218 -0.779388 0.767177 0.640518 -0.033421 0.518939 -0.586732 0.621502 -0.004877
2232	0.055300 -0.062800 0.070600 0.767177 0.640518 -0.033421 -0.381220 0.497218 0.779388 0.518939 -0.586732 0.621502 -0.007367
2231	0.055300 -0.062800 0.070600 0.381220 -0.497218 -0.779388 0.767177 0.640518 -0.033421 0.518939 -0.586732 0.621502 0.996932
2242	0.018200 -0.054200 0.092200 -0.069642 -0.842337 -0.534391 0.988938 0.012013 -0.147844 0.134808 -0.540353 0.830516 -0.004386
2243	0.018200 -0.054200 0.092200 0.988938 0.012013 -0.147844 0.069642 0.842337 0.534391 0.134808 -0.540353 0.830516 -0.004136
2241	0.018200 -0.054200 0.092200 -0.069642 -0.842337 -0.534391 0.988938 0.012013 -0.147844 0.134808 -0.540353 0.830516 0.997971
2312	0.051300 -0.086100 0.039700 0.150166 -0.297000 -0.943055 0.878600 0.477444 -0.010492 0.456053 -0.828235 0.325604 -0.004855
2313	0.051300 -0.086100 0.039700 0.878600 0.477444 -0.010492 -0.150166 0.297000 0.943055 0.456053 -0.828235 0.325604 -0.006575
2311	0.051300 -0.086100 0.039700 0.150166 -0.297000 -0.943055 0.878600 0.477444 -0.010492 0.456053 -0.828235 0.325604 0.993792
2323	0.063700 -0.088400 0.006200 0.058925 -0.074695 -0.995464 0.805967 0.591957 0.003343 0.598185 -0.796286 0.085720 -0.004748
2322	0.063700 -0.088400 0.006200 0.805967 0.591957 0.003343 -0.058925 0.074695 0.995464 0.598185 -0.796286 0.085720 -0.001752
2321	0.063700 -0.088400 0.006200 0.058925 -0.074695 -0.995464 0.805967 0.591957 0.003343 0.598185 -0.796286 0.085720 0.994613
2332	0.033000 -0.105100 -0.027700 -0.003494 0.019000 -0.999812 0.949532 0.313660 0.002630 0.306442 -0.951622 -0.021074 -0.004529
2333	0.033000 -0.105100 -0.027700 0.949532 0.313660 0.002630 0.003494 -0.019000 0.999812 0.306442 -0.951622 -0.021074 -0.011397
2331	0.033000 -0.105100 -0.027700 -0.003494 0.019000 -0.999812 0.949532 0.313660 0.002630 0.306442 -0.951622 -0.021074 0.996294
2343	0.033300 -0.103400 0.006300 0.042225 -0.125449 -0.991201 0.947098 0.320976 -0.000274 0.316747 -0.939949 0.125398 -0.004697
2342	0.033300 -0.103400 0.006300 0.947098 0.320976 -0.000274 -0.042225 0.125449 0.991201 0.316747 -0.939949 0.125398 -0.004559
2341	0.033300 -0.103400 0.006300 0.042225 -0.125449 -0.991201 0.947098 0.320976 -0.000274 0.316747 -0.939949 0.125398 0.998240
2412	0.095200 -0.030600 0.039200 0.315076 -0.060568 -0.947112 0.306728 0.950904 0.041246 0.895710 -0.306137 0.322112 -0.007216
2413	0.095200 -0.030600 0.039200 0.306728 0.950904 0.041246 -0.315076 0.060568 0.947112 0.895710 -0.306137 0.322112 -0.002851
2411	0.095200 -0.030600 0.039200 0.315076 -0.060568 -0.947112 0.306728 0.950904 0.041246 0.895710 -0.306137 0.322112 0.997782
2423	0.101700 -0.033800 0.005800 0.067264 -0.028685 -0.997323 0.315906 0.948781 -0.005955 0.945335 -0.317046 0.075727 -0.005204
2422	0.101700 -0.033800 0.005800 0.315906 0.948781 -0.005955 -0.067264 0.028685 0.997323 0.945335 -0.317046 0.075727 0.000237
2421	0.101700 -0.033800 0.005800 0.067264 -0.028685 -0.997323 0.315906 0.948781 -0.005955 0.945335 -0.317046 0.075727 1.002571
2433	0.086600 -0.063900 0.005600 0.061553 -0.045758 -0.997055 0.552562 0.833432 -0.004103 0.830368 -0.551930 0.075573 -0.005855
2432	0.086600 -0.063900 0.005600 0.552562 0.833432 -0.004103 -0.061553 0.045758 0.997055 0.830368 -0.551930 0.075573 -0.004316
2431	0.086600 -0.063900 0.005600 0.061553 -0.045758 -0.997055 0.552562 0.833432 -0.004103 0.830368 -0.551930 0.075573 0.996208
2442	0.078100 -0.062900 0.039400 0.255528 -0.200559 -0.945839 0.596247 0.802750 -0.009064 0.759450 -0.564922 0.322536 -0.005436
2443	0.078100 -0.062900 0.039400 0.596247 0.802750 -0.009064 -0.255528 0.200559 0.945839 0.759450 -0.564922 0.322536 -0.004261
2441	0.078100 -0.062900 0.039400 0.255528 -0.200559 -0.945839 0.596247 0.802750 -0.009064 0.759450 -0.564922 0.322536 0.994203
2512	0.063000 -0.090600 -0.027600 -0.023625 0.038798 -0.998976 0.801779 0.597606 0.004198 0.596596 -0.801085 -0.047287 -0.006694
2513	0.063000 -0.090600 -0.027600 0.801779 0.597606 0.004198 0.023625 -0.038798 0.998976 0.596596 -0.801085 -0.047287 -0.007149
2511	0.063000 -0.090600 -0.027600 -0.023625 0.038798 -0.998976 0.801779 0.597606 0.004198 0.596596 -0.801085 -0.047287 0.998088
2522	0.086100 -0.066100 -0.028000 -0.020662 0.011262 -0.999691 0.561417 0.827530 -0.002312 0.828288 -0.559703 -0.024305 -0.004718
2523	0.086100 -0.066100 -0.028000 0.561417 0.827530 -0.002312 0.020662 -0.011262 0.999691 0.828288 -0.559703 -0.024305 -0.004728
2521	0.086100 -0.066100 -0.028000 -0.020662 0.011262 -0.999691 0.561417 0.827530 -0.002312 0.828288 -0.559703 -0.024305 0.998141
2533	0.075700 -0.079800 -0.062000 0.010835 0.002450 -0.999938 0.699220 0.714855 0.009400 0.717178 -0.696817 0.006231 -0.006206
2532	0.075700 -0.079800 -0.062000 0.699220 0.714855 0.009400 -0.010835 -0.002450 0.999938 0.717178 -0.696817 0.006231 -0.002823
2531	0.075700 -0.079800 -0.062000 0.010835 0.002450 -0.999938 0.699220 0.714855 0.009400 0.717178 -0.696817 0.006231 1.000362
2543	0.048800 -0.099400 -0.062100 0.010193 -0.005280 -0.999934 0.907731 0.419649 0.007112 0.421842 -0.906602 0.008673 -0.004156
2542	0.048800 -0.099400 -0.062100 0.907731 0.419649 0.007112 -0.010193 0.005280 0.999934 0.421842 -0.906602 0.008673 -0.003447
2541	0.048800 -0.099400 -0.062100 0.010193 -0.005280 -0.999934 0.907731 0.419649 0.007112 0.421842 -0.906602 0.008673 0.996565
2612	0.108700 -0.003300 -0.028000 -0.008672 0.002511 -0.999988 0.068905 0.997622 0.001879 0.997274 -0.072845 -0.010313 -0.004955
2613	0.108700 -0.003300 -0.028000 0.068905 0.997622 0.001879 0.008672 -0.002511 0.999988 0.997274 -0.072845 -0.010313 -0.002841
2611	0.108700 -0.003300 -0.028000 -0.008672 0.002511 -0.999988 0.068905 0.997622 0.001879 0.997274 -0.072845 -0.010313 1.007247
2623	0.106800 -0.020600 -0.062100 0.038092 -0.001187 -0.999273 0.227674 0.973680 0.007502 0.971137 -0.235372 0.037782 -0.004429
2622	0.106800 -0.020600 -0.062100 0.227674 0.973680 0.007502 -0.038092 0.001187 0.999273 0.971137 -0.235372 0.037782 0.002897
2621	0.106800 -0.020600 -0.062100 0.038092 -0.001187 -0.999273 0.227674 0.973680 0.007502 0.971137 -0.235372 0.037782 1.007655
2633	0.095100 -0.052400 -0.062000 0.019513 0.000950 -0.999809 0.479842 0.877310 0.010153 0.879081 -0.476333 0.015607 -0.005682
2632	0.095100 -0.052400 -0.062000 0.479842 0.877310 0.010153 -0.019513 -0.000950 0.999809 0.879081 -0.476333 0.015607 -0.001597
2631	0.095100 -0.052400 -0.062000 0.019513 0.000950 -0.999809 0.479842 0.877310 0.010153 0.879081 -0.476333 0.015607 0.996918
2642	0.101700 -0.036100 -0.027800 -0.022159 0.003332 -0.999720 0.327732 0.944761 -0.004136 0.945262 -0.325433 -0.023102 -0.005336
2643	0.101700 -0.036100 -0.027800 0.327732 0.944761 -0.004136 0.022159 -0.003332 0.999720 0.945262 -0.325433 -0.023102 -0.001785
2641	0.101700 -0.036100 -0.027800 -0.022159 0.003332 -0.999720 0.327732 0.944761 -0.004136 0.945262 -0.325433 -0.023102 0.997910
